  0.20757900       0.0000000       442.47247    
  0.23718600       10.986525       442.43314    
  0.27101600       9.4628172       442.39432    
  0.30967101       9.5941839       442.34943    
  0.35383901       10.110969       442.29544    
  0.40430799       10.553035       442.23114    
  0.46197501       10.995422       442.15463    
  0.52786702       11.655375       442.06216    
  0.60315698       12.136623       441.95227    
  0.68918502       12.624522       441.82175    
  0.78748399       13.081694       441.66745    
  0.89980400       13.498586       441.48572    
   1.0281399       13.752566       441.27429    
   1.1747900       13.812357       441.03189    
   1.3423500       13.694897       440.75748    
   1.5338100       13.292850       440.45334    
   1.7525800       12.605844       440.12396    
   2.0025499       11.770148       439.77277    
   2.2881801       10.795685       439.40512    
   2.6145401       9.7324724       439.02689    
   2.9874499       8.7019806       438.64105    
   3.4135599       7.7817426       438.24768    
   3.9004400       6.9802613       437.84549    
   4.4567599       6.2872176       437.43283    
   5.0924301       5.7005086       437.00665    
   5.8187699       5.1984649       436.56418    
   6.6487002       4.7500682       436.10406    
   7.5970101       4.3502016       435.62482    
   8.6805801       3.9932778       435.12469    
   9.9187002       3.6547725       434.60434    
   10.051800       3.5023000       434.55084    
   10.186800       3.4129286       434.49808    
   10.323500       3.4025273       434.44476    
   10.462100       3.3633001       434.39136    
   10.602500       3.3330314       434.33777    
   10.744800       3.3012040       434.28397    
   10.889000       3.2791238       434.22992    
   11.035200       3.2518847       434.17554    
   11.183300       3.2066939       434.12125    
   11.333400       3.1313691       434.06750    
   11.485500       3.1663735       434.01245    
   11.639700       3.1216011       433.95749    
   11.795900       3.0469909       433.90314    
   11.954300       3.0209465       433.84851    
   12.114700       3.0426722       433.79282    
   12.277300       2.9635057       433.73785    
   12.442100       2.9301932       433.68280    
   12.609100       2.9131634       433.62729    
   12.778400       2.8659928       433.57199    
   12.949900       2.8472621       433.51636    
   13.123700       2.8214176       433.46042    
   13.299900       2.7771497       433.40469    
   13.478400       2.7673323       433.34839    
   13.659300       2.6793740       433.29315    
   13.842700       2.6933963       433.23688    
   14.028500       2.6558411       433.18069    
   14.216800       2.6109989       433.12466    
   14.407600       2.6051264       433.06805    
   14.601000       2.5354972       433.01221    
   14.797000       2.5110524       432.95615    
   14.995600       2.4950404       432.89972    
   15.196900       2.4935501       432.84250    
   15.400800       2.4137714       432.78644    
   15.607600       2.3936093       432.73004    
   15.817000       2.3614326       432.67368    
   16.029400       2.3232365       432.61743    
   16.244499       2.2880893       432.56131    
   16.462601       2.2743065       432.50470    
   16.683500       2.2478302       432.44806    
   16.907499       2.1787853       432.39236    
   17.134399       2.1974654       432.33542    
   17.364401       2.1163261       432.27979    
   17.597500       2.1014619       432.22382    
   17.833700       2.0684175       432.16791    
   18.073000       2.0631518       432.11139    
   18.315599       2.0043035       432.05573    
   18.561501       1.9826292       431.99982    
   18.810600       1.9302894       431.94470    
   19.063101       1.9195910       431.88907    
   19.319000       1.8880560       431.83359    
   19.578300       1.8613071       431.77808    
   19.841101       1.8149582       431.72318    
   20.107401       1.8094795       431.66772    
   20.377300       1.7595856       431.61295    
   20.650801       1.7524260       431.55768    
   20.927999       1.7095344       431.50290    
   21.208900       1.6769181       431.44839    
   21.493601       1.6500160       431.39401    
   21.782101       1.6211442       431.33978    
   22.074499       1.5889595       431.28586    
   22.370800       1.5758549       431.23157    
   22.671000       1.5416631       431.17764    
   22.975300       1.5175020       431.12384    
   23.283701       1.4739412       431.07077    
   23.596300       1.4656811       431.01715    
   23.913000       1.4190534       430.96448    
   24.233999       1.4185014       430.91104    
   24.559200       1.3724546       430.85852    
   24.888901       1.3568493       430.80582    
   25.223000       1.3382158       430.75299    
   25.561501       1.3078783       430.70059    
   25.904600       1.2820915       430.64841    
   26.252300       1.2577207       430.59641    
   26.604700       1.2336391       430.54459    
   26.961800       1.1964884       430.49353    
   27.323700       1.1905793       430.44193    
   27.690500       1.1676533       430.39047    
   28.062099       1.1331681       430.33975    
   28.438801       1.1082486       430.28931    
   28.820499       1.1018361       430.23837    
   29.207399       1.0730445       430.18793    
   29.599400       1.0472573       430.13791    
   29.996700       1.0255067       430.08810    
   30.399401       1.0091977       430.03821    
   30.807400      0.97778559       429.98904    
   31.220900      0.97100651       429.93945    
   31.639999      0.94144005       429.89053    
   32.064701      0.92902231       429.84140    
   32.495098      0.90595782       429.79266    
   32.931198      0.88407087       429.74429    
   33.373299      0.86275083       429.69623    
   33.821201      0.86077470       429.64752    
   34.275200      0.82539129       429.59995    
   34.735199      0.81294471       429.55225    
   35.201500      0.79643494       429.50470    
   35.674000      0.79579747       429.45642    
   36.152802      0.76488346       429.40912    
   36.638100      0.75517505       429.36154    
   37.129902      0.72476459       429.31509    
   37.628300      0.72137427       429.26801    
   38.133301      0.70990187       429.22083    
   38.645199      0.69279039       429.17392    
   39.163898      0.67327905       429.12747    
   39.689602      0.66479909       429.08075    
   40.222301      0.64639860       429.03448    
   40.762199      0.63014793       428.98849    
   41.309299      0.62091106       428.94235    
   41.863800      0.60705066       428.89633    
   42.425701      0.59859717       428.85016    
   42.995201      0.58292216       428.80429    
   43.572300      0.57569289       428.75815    
   44.157200      0.56273079       428.71216    
   44.749901      0.54967535       428.66629    
   45.350498      0.54159081       428.62033    
   45.959202      0.52083904       428.57513    
   46.576099      0.51976573       428.52914    
   47.201302      0.50132740       428.48389    
   47.834900      0.49630997       428.43817    
   48.476898      0.48299649       428.39282    
   49.127602      0.47455597       428.34735    
   49.786999      0.45697263       428.30249    
   50.455299      0.46206033       428.25635    
   51.132599      0.43690863       428.21167    
   51.818901      0.43455479       428.16629    
   52.514500      0.42504466       428.12097    
   53.219299      0.41584161       428.07565    
   53.933701      0.40628713       428.03055    
   54.657600      0.39739835       427.98526    
   55.391201      0.38793051       427.94019    
   56.134701      0.37860879       427.89517    
   56.888199      0.37529394       427.84952    
   57.651798      0.36290926       427.80438    
   58.425701      0.35641369       427.75909    
   59.209900      0.34549436       427.71423    
   60.004601      0.34028053       427.66891    
   60.810101      0.33188158       427.62366    
   61.626301      0.32185096       427.57874    
   62.453499      0.32037398       427.53299    
   63.291801      0.31121463       427.48761    
   64.141296      0.30286986       427.44229    
   65.002197      0.29885718       427.39664    
   65.874702      0.29104507       427.35104    
   66.759003      0.28541559       427.30524    
   67.654999      0.28255224       427.25900    
   68.563103      0.27056035       427.21347    
   69.483398      0.26641637       427.16742    
   70.416100      0.26591030       427.12085    
   71.361298      0.25939733       427.07407    
   72.319099      0.25168166       427.02756    
   73.289803      0.24754068       426.98077    
   74.273598      0.24450827       426.93362    
   75.270500      0.23483486       426.88684    
   76.280800      0.23299541       426.83972    
   77.304703      0.22914530       426.79205    
   78.342300      0.22562450       426.74405    
   79.393898      0.21943697       426.69629    
   80.459602      0.21459895       426.64835    
   81.539597      0.21414419       426.59946    
   82.634102      0.20918727       426.55066    
   83.743202      0.20713113       426.50137    
   84.867302      0.20390907       426.45203    
   86.006401      0.20348498       426.40164    
   87.160896      0.19876364       426.35117    
   88.330803      0.19218275       426.30109    
   89.516403      0.19268003       426.24985    
   90.718002      0.18990023       426.19858    
   91.935600      0.18888563       426.14630    
   93.169601      0.18303552       426.09445    
   94.420197      0.18390185       426.04172    
   95.687599      0.18390153       425.98785    
   96.972000      0.18066563       425.93402    
   98.273598      0.17926802       425.87967    
   99.592697      0.18216103       425.82370    
   100.92900      0.17846669       425.76785    
   102.28400      0.17714518       425.71149    
   103.65700      0.17857367       425.65405    
   105.04800      0.17626315       425.59583    
   106.45800      0.17461801       425.53748    
   107.88700      0.17445934       425.47833    
   109.33600      0.17418462       425.41800    
   110.80300      0.17538235       425.35669    
   112.29000      0.17510223       425.29501    
   113.79800      0.17590918       425.23193    
   115.32500      0.17304520       425.16858    
   116.87300      0.17502294       425.10400    
   118.44200      0.17629202       425.03833    
   120.03200      0.17930932       424.97089    
   121.64300      0.17729127       424.90332    
   123.27500      0.18337339       424.83331    
   124.93000      0.18269295       424.76245    
   126.60700      0.18382812       424.69052    
   128.30600      0.18478313       424.61743    
   130.02901      0.18415138       424.54355    
   131.77400      0.18876770       424.46732    
   133.54300      0.18722558       424.39084    
   135.33501      0.19272602       424.31183    
   137.15199      0.19362012       424.23157    
   138.99300      0.19557077       424.14984    
   140.85800      0.19733471       424.06625    
   142.74899      0.19557633       423.98248    
   144.66499      0.19678721       423.89685    
   146.60699      0.19985503       423.80942    
   148.57500      0.20297267       423.71970    
   150.56900      0.20471740       423.62888    
   152.59000      0.20873716       423.53546    
   154.63800      0.21126610       423.44080    
   156.71400      0.22032620       423.34158    
   158.81700      0.22092725       423.24158    
   160.94901      0.22396137       423.13950    
   163.11000      0.23049100       423.03391    
   165.29900      0.23401371       422.92606    
   167.51801      0.23746404       422.81598    
   169.76601      0.24391051       422.70218    
   172.04500      0.24206282       422.58804    
   174.35400      0.25018176       422.46964    
   176.69400      0.25358215       422.34821    
   179.06599      0.25461304       422.22559    
   181.47000      0.26429248       422.09799    
   183.90500      0.26812097       421.96835    
   186.37399      0.28351808       421.83130    
   188.87601      0.28862876       421.69162    
   191.41100      0.30316162       421.54520    
   193.98000      0.30997503       421.39481    
   196.58400      0.31807226       421.24002    
   199.22200      0.32705539       421.08054    
   201.89600      0.34268615       420.91333    
   204.60600      0.35552382       420.73990    
   207.35300      0.37080035       420.55923    
   210.13600      0.39367235       420.36877    
   212.95700      0.42132780       420.16595    
   215.81500      0.44416845       419.95282    
   218.71201      0.47001499       419.72729    
   221.64700      0.48463935       419.49463    
   224.62300      0.50470340       419.25101    
   227.63800      0.51705271       418.99991    
   230.69299      0.53253978       418.73926    
   233.78999      0.53845561       418.47379    
   236.92799      0.55998158       418.19611    
   240.10800      0.58408880       417.90503    
   243.33099      0.60170984       417.60419    
   246.59700      0.63384390       417.28629    
   249.90700      0.65381980       416.95639    
   253.26100      0.66605061       416.61740    
   256.66101      0.67991424       416.26752    
   260.10599      0.68658918       415.91043    
   263.59698      0.69310439       415.54605    
   267.13501      0.70121634       415.17264    
   270.72101      0.70174652       414.79410    
   274.35501      0.69899672       414.41187    
   278.03699      0.70171040       414.02356    
   281.76901      0.71721232       413.62238    
   285.55099      0.72694194       413.21164    
   289.38400      0.73271877       412.79294    
   293.26801      0.74060416       412.36423    
   297.20499      0.73089975       411.93533    
   301.19400      0.76126605       411.48468    
   305.23700      0.78307903       411.01865    
   309.33401      0.81782627       410.52872    
   313.48599      0.83119166       410.02585    
   317.69400      0.83585346       409.51407    
   321.95801      0.85423023       408.98535    
   326.28000      0.86559266       408.44385    
   330.65900      0.87532055       407.89032    
   335.09799      0.88634896       407.32364    
   339.59601      0.90632468       406.73795    
   344.15399      0.91581565       406.13947    
   348.77301      0.92640740       405.52744    
   353.45499      0.94832981       404.89398    
   358.19901      0.94521087       404.25406    
   363.00699      0.92358327       403.61804    
   367.87900      0.89717317       402.98895    
   372.81699      0.86348885       402.37009    
   377.82199      0.83057201       401.76254    
   382.89301      0.79766792       401.16687    
   388.03201      0.78195220       400.57178    
   393.24100      0.78049552       399.97092    
   398.51901      0.79278225       399.35336    
   403.86801      0.79391348       398.72571    
   409.28900      0.77681404       398.10202    
   414.78299      0.77174288       397.47214    
   420.35001      0.74690765       396.85037    
   425.99301      0.72096723       396.23767    
   431.71100      0.72011578       395.61627    
   437.50500      0.72889215       394.98071    
   443.37799      0.74526989       394.32538    
   449.32901      0.76544535       393.64725    
   455.35999      0.79313272       392.93915    
   461.47198      0.80983931       392.20953    
   467.66699      0.82451385       391.45953    
   473.94400      0.83795023       390.68979    
   480.30499      0.78324068       389.95105    
   486.75201      0.71342677       389.25421    
   493.28601      0.69939739       388.55899    
   499.90701      0.71580160       387.84186    
   506.61700      0.74849045       387.08777    
   513.41699      0.78986603       386.29059    
   520.30902      0.84635645       385.43683    
   527.29303      0.89793634       384.52930    
   534.37000      0.93912846       383.57550    
   541.54303      0.97308278       382.57867    
   548.81201      0.94836926       381.58994    
   556.17798      0.88738734       380.64130    
   563.64398      0.84103620       379.72089    
   571.20898      0.82179135       378.80396    
   578.87598      0.81253910       377.88327    
   586.64600      0.83003855       376.93445    
   594.52100      0.86842185       375.93747    
   602.50098      0.95243084       374.84671    
   610.58801       1.0526230       373.64627    
   618.78302       1.1097165       372.37518    
   627.08899       1.1127515       371.08453    
   635.50598       1.1087527       369.77927    
   644.03601       1.0900141       368.47595    
   652.68103       1.0825163       367.16333    
   661.44202       1.1047568       365.81091    
   670.32001       1.1589490       364.38269    
   679.31799       1.1861981       362.90735    
   688.43597       1.1870830       361.41235    
   697.67603       1.1981859       359.88428    
   707.04102       1.2034315       358.33096    
   716.53101       1.1891270       356.77408    
   726.14899       1.1580664       355.23245    
   735.89600       1.1250594       353.70908    
   745.77301       1.1107203       352.18109    
   755.78400       1.0910710       350.65683    
   765.92798       1.0710537       349.13745    
   776.20898       1.0591587       347.61115    
   786.62799       1.0388267       346.09064    
   797.18701       1.0192710       344.57547    
   807.88702       1.0218707       343.03876    
   818.73102       1.0322664       341.47052    
   829.72101       1.0325437       339.88086    
   840.85699       1.0174340       338.29208    
   852.14398      0.99925888       336.70834    
   863.58197      0.98156369       335.12720    
   875.17401      0.91539758       333.61838    
   886.92102      0.82638943       332.20923    
   898.82501      0.76560098       330.86676    
   910.89001      0.75867116       329.51620    
   923.11700      0.73410726       328.18777    
   935.50702      0.73253399       326.84210    
   948.06403      0.72213590       325.50009    
   960.78998      0.72552145       324.13727    
   973.68597      0.71873081       322.77167    
   986.75500      0.71788561       321.39273    
   1000.0000      0.70714265       320.01883    
