  0.20757900       0.0000000       449.09055    
  0.23718600       11.203994       449.05042    
  0.27101600       9.6759787       449.01074    
  0.30967101       9.9006643       448.96436    
  0.35383901       10.151786       448.91010    
  0.40430799       10.792876       448.84436    
  0.46197501       11.316978       448.76563    
  0.52786702       11.866438       448.67142    
  0.60315698       12.492375       448.55829    
  0.68918502       12.995744       448.42395    
  0.78748399       13.534955       448.26428    
  0.89980400       14.014500       448.07559    
   1.0281399       14.338551       447.85522    
   1.1747900       14.497268       447.60086    
   1.3423500       14.351207       447.31339    
   1.5338100       13.915659       446.99515    
   1.7525800       13.192107       446.65054    
   2.0025499       12.229663       446.28589    
   2.2881801       11.148237       445.90643    
   2.6145401       9.9502754       445.51990    
   2.9874499       8.8663521       445.12698    
   3.4135599       7.8826785       444.72870    
   3.9004400       7.0622511       444.32199    
   4.4567599       6.3756394       443.90369    
   5.0924301       5.7693849       443.47250    
   5.8187699       5.2473965       443.02594    
   6.6487002       4.7823415       442.56268    
   7.5970101       4.3893094       442.07904    
   8.6805801       4.0381994       441.57324    
   9.9187002       3.6988711       441.04645    
   10.051800       3.5216496       440.99268    
   10.186800       3.5064073       440.93842    
   10.323500       3.4402077       440.88452    
   10.462100       3.3818817       440.83081    
   10.602500       3.4155774       440.77588    
   10.744800       3.3355916       440.72156    
   10.889000       3.3327041       440.66656    
   11.035200       3.2924013       440.61148    
   11.183300       3.2519076       440.55646    
   11.333400       3.2463288       440.50079    
   11.485500       3.2019317       440.44513    
   11.639700       3.1850688       440.38904    
   11.795900       3.1343777       440.33316    
   11.954300       3.1298828       440.27661    
   12.114700       3.0796018       440.22031    
   12.277300       3.0696280       440.16336    
   12.442100       3.0442753       440.10617    
   12.609100       2.9548020       440.04996    
   12.778400       2.9755213       439.99258    
   12.949900       2.9313586       439.93527    
   13.123700       2.8688364       439.87857    
   13.299900       2.8458476       439.82144    
   13.478400       2.8683300       439.76312    
   13.659300       2.7861502       439.70581    
   13.842700       2.7748442       439.64786    
   14.028500       2.7223759       439.59030    
   14.216800       2.7081077       439.53229    
   14.407600       2.6564190       439.47461    
   14.601000       2.6406989       439.41650    
   14.797000       2.6188002       439.35809    
   14.995600       2.5741451       439.29990    
   15.196900       2.5101821       439.24243    
   15.400800       2.5122926       439.18411    
   15.607600       2.4596140       439.12622    
   15.817000       2.4475265       439.06787    
   16.029400       2.3947766       439.00995    
   16.244499       2.3695076       438.95187    
   16.462601       2.3179977       438.89426    
   16.683500       2.3084564       438.83615    
   16.907499       2.2799637       438.77792    
   17.134399       2.2326519       438.72012    
   17.364401       2.2148640       438.66202    
   17.597500       2.1644394       438.60440    
   17.833700       2.1316586       438.54691    
   18.073000       2.1115825       438.48914    
   18.315599       2.0711844       438.43173    
   18.561501       2.0695591       438.37347    
   18.810600       1.9943911       438.31656    
   19.063101       1.9787494       438.25934    
   19.319000       1.9635381       438.20172    
   19.578300       1.9228872       438.14447    
   19.841101       1.8776782       438.08777    
   20.107401       1.8568683       438.03091    
   20.377300       1.8311523       437.97403    
   20.650801       1.7825592       437.91785    
   20.927999       1.7606347       437.86151    
   21.208900       1.7310122       437.80536    
   21.493601       1.6916281       437.74963    
   21.782101       1.6532815       437.69434    
   22.074499       1.6559001       437.63818    
   22.370800       1.5906312       437.58340    
   22.671000       1.5682583       437.52859    
   22.975300       1.5437387       437.47382    
   23.283701       1.5106853       437.41940    
   23.596300       1.4978124       437.36462    
   23.913000       1.4597141       437.31046    
   24.233999       1.4225129       437.25684    
   24.559200       1.4136362       437.20276    
   24.888901       1.3779402       437.14917    
   25.223000       1.3605708       437.09543    
   25.561501       1.3246167       437.04230    
   25.904600       1.2918499       436.98962    
   26.252300       1.2903118       436.93622    
   26.604700       1.2511790       436.88364    
   26.961800       1.2246156       436.83130    
   27.323700       1.2026772       436.77908    
   27.690500       1.1795896       436.72711    
   28.062099       1.1636631       436.67499    
   28.438801       1.1438001       436.62292    
   28.820499       1.1193790       436.57114    
   29.207399       1.0816981       436.52026    
   29.599400       1.0820782       436.46854    
   29.996700       1.0468984       436.41772    
   30.399401       1.0271050       436.36691    
   30.807400       1.0118724       436.31610    
   31.220900      0.98221761       436.26593    
   31.639999      0.97646749       436.21518    
   32.064701      0.93629926       436.16565    
   32.495098      0.92390943       436.11588    
   32.931198      0.90651220       436.06622    
   33.373299      0.88488758       436.01688    
   33.821201      0.85214972       435.96844    
   34.275200      0.85035157       435.91928    
   34.735199      0.81798363       435.87109    
   35.201500      0.80251038       435.82300    
   35.674000      0.77890038       435.77536    
   36.152802      0.77456552       435.72720    
   36.638100      0.75146019       435.67957    
   37.129902      0.73785645       435.63196    
   37.628300      0.71775705       435.58475    
   38.133301      0.70327199       435.53769    
   38.645199      0.69228727       435.49045    
   39.163898      0.67327905       435.44366    
   39.689602      0.65647072       435.39713    
   40.222301      0.65268373       435.35004    
   40.762199      0.63110203       435.30359    
   41.309299      0.61714512       435.25726    
   41.863800      0.60240608       435.21112    
   42.425701      0.59401375       435.16476    
   42.995201      0.57885212       435.11874    
   43.572300      0.56453604       435.07288    
   44.157200      0.55524534       435.02698    
   44.749901      0.54750270       434.98080    
   45.350498      0.52443826       434.93555    
   45.959202      0.52633935       434.88931    
   46.576099      0.51099861       434.84357    
   47.201302      0.50050354       434.79779    
   47.834900      0.48370916       434.75253    
   48.476898      0.47818258       434.70691    
   49.127602      0.47099385       434.66110    
   49.786999      0.45072341       434.61624    
   50.455299      0.44857234       434.57065    
   51.132599      0.43919015       434.52505    
   51.818901      0.42217112       434.48016    
   52.514500      0.41726944       434.43494    
   53.219299      0.41547620       434.38898    
   53.933701      0.39871657       434.34378    
   54.657600      0.39135021       434.29846    
   55.391201      0.38196236       434.25320    
   56.134701      0.37341288       434.20804    
   56.888199      0.36811620       434.16248    
   57.651798      0.35919923       434.11694    
   58.425701      0.35009074       434.07159    
   59.209900      0.33859760       434.02655    
   60.004601      0.33315086       433.98126    
   60.810101      0.32580668       433.93591    
   61.626301      0.32279757       433.89008    
   62.453499      0.31352440       433.84442    
   63.291801      0.30722076       433.79855    
   64.141296      0.29710957       433.75314    
   65.002197      0.29466900       433.70700    
   65.874702      0.28543672       433.66122    
   66.759003      0.28162947       433.61511    
   67.654999      0.27507883       433.56888    
   68.563103      0.26942593       433.52252    
   69.483398      0.26585668       433.47571    
   70.416100      0.25238007       433.42987    
   71.361298      0.24958818       433.38351    
   72.319099      0.25114387       433.33603    
   73.289803      0.23984648       433.28925    
   74.273598      0.23665468       433.24203    
   75.270500      0.23070136       433.19479    
   76.280800      0.23197572       433.14661    
   77.304703      0.21883251       433.09955    
   78.342300      0.21892279       433.05136    
   79.393898      0.21502863       433.00320    
   80.459602      0.21314895       432.95416    
   81.539597      0.20412853       432.90582    
   82.634102      0.20518707       432.85657    
   83.743202      0.20388019       432.80670    
   84.867302      0.19932684       432.75665    
   86.006401      0.19466729       432.70679    
   87.160896      0.19742516       432.65543    
   88.330803      0.19262303       432.60394    
   89.516403      0.18768381       432.55273    
   90.718002      0.18732822       432.50046    
   91.935600      0.18571286       432.44800    
   93.169601      0.18449648       432.39459    
   94.420197      0.18204843       432.34116    
   95.687599      0.18410473       432.28625    
   96.972000      0.17825943       432.23187    
   98.273598      0.18263178       432.17566    
   99.592697      0.17669424       432.12003    
   100.92900      0.18174309       432.06244    
   102.28400      0.18189694       432.00403    
   103.65700      0.17838609       431.94543    
   105.04800      0.17589286       431.88681    
   106.45800      0.17644455       431.82697    
   107.88700      0.18022659       431.76526    
   109.33600      0.17596202       431.70383    
   110.80300      0.17643569       431.64157    
   112.29000      0.17995176       431.57742    
   113.79800      0.17590918       431.51358    
   115.32500      0.17928563       431.44791    
   116.87300      0.17884949       431.38141    
   118.44200      0.17891833       431.31409    
   120.03200      0.18206294       431.24530    
   121.64300      0.18400563       431.17480    
   123.27500      0.18495148       431.10373    
   124.93000      0.18798389       431.03064    
   126.60700      0.18689960       430.95682    
   128.30600      0.19008864       430.88144    
   130.02901      0.18893453       430.80533    
   131.77400      0.18980083       430.72809    
   133.54300      0.19639760       430.64798    
   135.33501      0.19631897       430.56689    
   137.15199      0.19645496       430.48471    
   138.99300      0.20102660       430.40054    
   140.85800      0.20189178       430.31458    
   142.74899      0.20034316       430.22839    
   144.66499      0.20256716       430.14008    
   146.60699      0.20436405       430.05023    
   148.57500      0.20624430       429.95886    
   150.56900      0.21091704       429.86465    
   152.59000      0.21166815       429.76965    
   154.63800      0.21918857       429.67105    
   156.71400      0.22181489       429.57056    
   158.81700      0.22913241       429.46640    
   160.94901      0.22891413       429.36154    
   163.11000      0.23549649       429.25308    
   165.29900      0.23954345       429.14227    
   167.51801      0.24268685       429.02917    
   169.76601      0.24837857       428.91254    
   172.04500      0.24906930       428.79486    
   174.35400      0.25497791       428.67346    
   176.69400      0.25567332       428.55035    
   179.06599      0.26362491       428.42279    
   181.47000      0.26664937       428.29346    
   183.90500      0.27721700       428.15875    
   186.37399      0.28508276       428.02005    
   188.87601      0.29912809       427.87476    
   191.41100      0.30519351       427.72653    
   193.98000      0.31729332       427.57202    
   196.58400      0.32855597       427.41144    
   199.22200      0.33408463       427.24774    
   201.89600      0.34990972       427.07626    
   204.60600      0.36350670       426.89825    
   207.35300      0.37839448       426.71307    
   210.13600      0.40274143       426.51758    
   212.95700      0.43054864       426.30951    
   215.81500      0.45272920       426.09131    
   218.71201      0.47428221       425.86295    
   221.64700      0.50069743       425.62170    
   224.62300      0.51543444       425.37207    
   227.63800      0.52866995       425.11456    
   230.69299      0.53793514       424.85040    
   233.78999      0.55724961       424.57495    
   236.92799      0.57237452       424.29037    
   240.10800      0.59072983       423.99521    
   243.33099      0.62096775       423.68384    
   246.59700      0.64827454       423.35794    
   249.90700      0.66751397       423.02023    
   253.26100      0.67971867       422.67337    
   256.66101      0.69468510       422.31506    
   260.10599      0.70206434       421.94916    
   263.59698      0.70741647       421.57629    
   267.13501      0.71701247       421.19370    
   270.72101      0.71711588       420.80603    
   274.35501      0.71352524       420.41492    
   278.03699      0.71702880       420.01727    
   281.76901      0.73225629       419.60672    
   285.55099      0.74389827       419.18567    
   289.38400      0.74716491       418.75760    
   293.26801      0.75572258       418.31915    
   297.20499      0.75497305       417.87524    
   301.19400      0.76933652       417.41885    
   305.23700      0.80804986       416.93692    
   309.33401      0.82612401       416.44101    
   313.48599      0.84769142       415.92700    
   317.69400      0.86198723       415.39807    
   321.95801      0.86202174       414.86337    
   326.28000      0.88400567       414.30927    
   330.65900      0.90284520       413.73715    
   335.09799      0.90300030       413.15848    
   339.59601      0.92453247       412.55972    
   344.15399      0.93367088       411.94827    
   348.77301      0.94491881       411.32266    
   353.45499      0.96510714       410.67645    
   358.19901      0.96432030       410.02225    
   363.00699      0.94195634       409.37222    
   367.87900      0.92333984       408.72327    
   372.81699      0.87094712       408.09756    
   377.82199      0.84678108       407.47665    
   382.89301      0.82113171       406.86194    
   388.03201      0.78891826       406.25998    
   393.24100      0.80412889       405.63943    
   398.51901      0.80727452       405.00894    
   403.86801      0.80075049       404.37421    
   409.28900      0.79985577       403.73047    
   414.78299      0.78594673       403.08725    
   420.35001      0.76041627       402.45248    
   425.99301      0.73511547       401.82617    
   431.71100      0.73308760       401.19174    
   437.50500      0.74160486       400.54318    
   443.37799      0.75921494       399.87381    
   449.32901      0.78656465       399.17505    
   455.35999      0.79915392       398.45959    
   461.47198      0.82467169       397.71478    
   467.66699      0.83948004       396.94925    
   473.94400      0.86080378       396.15646    
   480.30499      0.79724950       395.40253    
   486.75201      0.72605026       394.69135    
   493.28601      0.71114331       393.98224    
   499.90701      0.73501724       393.24365    
   506.61700      0.75367206       392.48215    
   513.41699      0.80361432       391.66888    
   520.30902      0.86141592       390.79782    
   527.29303      0.92190588       389.86380    
   534.37000      0.95481330       388.89172    
   541.54303      0.98985016       387.87546    
   548.81201      0.96406502       386.86795    
   556.17798      0.90277153       385.90054    
   563.64398      0.86318237       384.95343    
   571.20898      0.83520472       384.01895    
   578.87598      0.82634509       383.08017    
   586.64600      0.84362835       382.11322    
   594.52100      0.88277894       381.09717    
   602.50098      0.96898729       379.98499    
   610.58801       1.0700113       378.76202    
   618.78302       1.1285098       377.46677    
   627.08899       1.1421152       376.13934    
   635.50598       1.1268362       374.80997    
   644.03601       1.1086128       373.48163    
   652.68103       1.1004505       372.14438    
   661.44202       1.1235707       370.76611    
   670.32001       1.1782982       369.31110    
   679.31799       1.2067491       367.80728    
   688.43597       1.2181532       366.27014    
   697.67603       1.2076348       364.72699    
   707.04102       1.2241670       363.14386    
   716.53101       1.2100779       361.55652    
   726.14899       1.1880571       359.97168    
   735.89600       1.1441631       358.41916    
   745.77301       1.1294422       356.86203    
   755.78400       1.1098254       355.30823    
   765.92798       1.0891813       353.75970    
   776.20898       1.0772952       352.20377    
   786.62799       1.0562534       350.65421    
   797.18701       1.0366617       349.10962    
   807.88702       1.0389359       347.54358    
   818.73102       1.0586525       345.93155    
   829.72101       1.0403004       344.32611    
   840.85699       1.0431746       342.69327    
   852.14398       1.0155052       341.07983    
   863.58197      0.98838615       339.48358    
   875.17401      0.93854803       337.93262    
   886.92102      0.83930278       336.49725    
   898.82501      0.77728397       335.12994    
   910.89001      0.77049708       333.75406    
   923.11700      0.75169533       332.38931    
   935.50702      0.73704463       331.03073    
   948.06403      0.73901558       329.65256    
   960.78998      0.73576170       328.26550    
   973.68597      0.73508692       326.86362    
   986.75500      0.72766000       325.46042    
   1000.0000      0.71657330       324.06244    
