  0.20757900       0.0000000       448.32806    
  0.23718600       11.117006       448.28824    
  0.27101600       9.5389462       448.24908    
  0.30967101       9.7274361       448.20346    
  0.35383901       10.297561       448.14841    
  0.40430799       10.767362       448.08273    
  0.46197501       11.299114       448.00412    
  0.52786702       11.979787       447.90897    
  0.60315698       12.588155       447.79498    
  0.68918502       13.184348       447.65866    
  0.78748399       13.710495       447.49689    
  0.89980400       14.269017       447.30475    
   1.0281399       14.721848       447.07855    
   1.1747900       14.866065       446.81772    
   1.3423500       14.770815       446.52188    
   1.5338100       14.370322       446.19336    
   1.7525800       13.597076       445.83838    
   2.0025499       12.607782       445.46262    
   2.2881801       11.388082       445.07529    
   2.6145401       10.133356       444.68195    
   2.9874499       8.9796152       444.28436    
   3.4135599       7.9890542       443.88113    
   3.9004400       7.1415963       443.47037    
   4.4567599       6.4182301       443.04977    
   5.0924301       5.8009868       442.61676    
   5.8187699       5.2580338       442.16980    
   6.6487002       4.7798586       441.70724    
   7.5970101       4.3694839       441.22617    
   8.6805801       4.0015965       440.72510    
   9.9187002       3.6362596       440.20703    
   10.051800       3.4597306       440.15417    
   10.186800       3.4224672       440.10110    
   10.323500       3.3648472       440.04834    
   10.462100       3.3614419       439.99490    
   10.602500       3.2798350       439.94211    
   10.744800       3.3174927       439.88800    
   10.889000       3.2648356       439.83408    
   11.035200       3.1902294       439.78064    
   11.183300       3.2084329       439.72626    
   11.333400       3.1416640       439.67227    
   11.485500       3.1629870       439.61722    
   11.639700       3.0748355       439.56299    
   11.795900       3.1145918       439.50742    
   11.954300       3.0339539       439.45245    
   12.114700       3.0105596       439.39731    
   12.277300       2.9856806       439.34186    
   12.442100       2.9676995       439.28598    
   12.609100       2.9393804       439.22995    
   12.778400       2.8842475       439.17416    
   12.949900       2.8637812       439.11813    
   13.123700       2.8021536       439.06259    
   13.299900       2.8283076       439.00568    
   13.478400       2.7702179       438.94928    
   13.659300       2.7519817       438.89252    
   13.842700       2.6962049       438.83612    
   14.028500       2.6946530       438.77902    
   14.216800       2.6602371       438.72195    
   14.407600       2.6415710       438.66449    
   14.601000       2.6100705       438.60693    
   14.797000       2.5609844       438.54974    
   14.995600       2.5559900       438.49185    
   15.196900       2.4948294       438.43463    
   15.400800       2.4781892       438.37701    
   15.607600       2.4409335       438.31943    
   15.817000       2.4044795       438.26202    
   16.029400       2.3765883       438.20444    
   16.244499       2.3132331       438.14761    
   16.462601       2.3274446       438.08966    
   16.683500       2.2734797       438.03226    
   16.907499       2.2305243       437.97516    
   17.134399       2.2213016       437.91754    
   17.364401       2.1689544       437.86047    
   17.597500       2.1710687       437.80258    
   17.833700       2.1054897       437.74564    
   18.073000       2.0922103       437.68829    
   18.315599       2.0563219       437.63107    
   18.561501       2.0245230       437.57397    
   18.810600       1.9912894       437.51706    
   19.063101       1.9807893       437.45959    
   19.319000       1.9444159       437.40240    
   19.578300       1.9109685       437.34543    
   19.841101       1.8933581       437.28815    
   20.107401       1.8365588       437.23181    
   20.377300       1.8406945       437.17447    
   20.650801       1.7806758       437.11829    
   20.927999       1.7782874       437.06131    
   21.208900       1.7264280       437.00519    
   21.493601       1.7241943       436.94833    
   21.782101       1.6711354       436.89243    
   22.074499       1.6470922       436.83646    
   22.370800       1.6158379       436.78079    
   22.671000       1.5982851       436.72495    
   22.975300       1.5632048       436.66946    
   23.283701       1.5490997       436.61368    
   23.596300       1.5159377       436.55823    
   23.913000       1.4759783       436.50345    
   24.233999       1.4658382       436.44818    
   24.559200       1.4389787       436.39313    
   24.888901       1.4005934       436.33868    
   25.223000       1.3767588       436.28433    
   25.561501       1.3535285       436.23004    
   25.904600       1.3188728       436.17633    
   26.252300       1.2843862       436.12320    
   26.604700       1.2847971       436.06921    
   26.961800       1.2491367       436.01581    
   27.323700       1.2183334       435.96292    
   27.690500       1.1992495       435.91003    
   28.062099       1.1775246       435.85724    
   28.438801       1.1451675       435.80502    
   28.820499       1.1241021       435.75299    
   29.207399       1.1083245       435.70071    
   29.599400       1.0755082       435.64917    
   29.996700       1.0475466       435.59814    
   30.399401       1.0322213       435.54700    
   30.807400       1.0093474       435.49612    
   31.220900      0.99529725       435.44516    
   31.639999      0.97093683       435.39456    
   32.064701      0.95631081       435.34390    
   32.495098      0.93288523       435.29355    
   32.931198      0.90474051       435.24393    
   33.373299      0.89886868       435.19370    
   33.821201      0.86594975       435.14450    
   34.275200      0.85772622       435.09488    
   34.735199      0.84093869       435.04538    
   35.201500      0.81410897       434.99655    
   35.674000      0.79961294       434.94775    
   36.152802      0.79070228       434.89862    
   36.638100      0.76685023       434.85004    
   37.129902      0.74256951       434.80203    
   37.628300      0.73997706       434.75342    
   38.133301      0.71041185       434.70581    
   38.645199      0.69983399       434.65796    
   39.163898      0.68122333       434.61050    
   39.689602      0.66430914       434.56329    
   40.222301      0.65461761       434.51581    
   40.762199      0.63921142       434.46863    
   41.309299      0.60725951       434.42273    
   41.863800      0.61587542       434.37546    
   42.425701      0.58805525       434.32922    
   42.995201      0.58608776       434.28232    
   43.572300      0.56096590       434.23645    
   44.157200      0.55040181       434.19052    
   44.749901      0.54967535       434.14377    
   45.350498      0.52529591       434.09805    
   45.959202      0.51745421       434.05215    
   46.576099      0.50306642       434.00650    
   47.201302      0.49061707       433.96112    
   47.834900      0.47964436       433.91565    
   48.476898      0.47256634       433.87000    
   49.127602      0.45674530       433.82489    
   49.786999      0.45697263       433.77890    
   50.455299      0.44125026       433.73352    
   51.132599      0.42588136       433.68854    
   51.818901      0.42029479       433.64325    
   52.514500      0.40949422       433.59811    
   53.219299      0.40524459       433.55258    
   53.933701      0.38898298       433.50775    
   54.657600      0.38530207       433.46240    
   55.391201      0.37494099       433.41730    
   56.134701      0.36579221       433.37210    
   56.888199      0.35683686       433.32712    
   57.651798      0.34874368       433.28210    
   58.425701      0.34043995       433.23706    
   59.209900      0.33498502       433.19174    
   60.004601      0.32407671       433.14691    
   60.810101      0.31493580       433.10196    
   61.626301      0.30765164       433.05716    
   62.453499      0.30698615       433.01147    
   63.291801      0.29585359       432.96631    
   64.141296      0.28649852       432.92136    
   65.002197      0.28210443       432.87604    
   65.874702      0.27126819       432.83130    
   66.759003      0.26794118       432.78592    
   67.654999      0.26128179       432.74075    
   68.563103      0.25638005       432.69504    
   69.483398      0.24570754       432.64999    
   70.416100      0.24216338       432.60449    
   71.361298      0.23432952       432.55914    
   72.319099      0.22425480       432.51434    
   73.289803      0.21994773       432.46927    
   74.273598      0.21361750       432.42389    
   75.270500      0.21210058       432.37820    
   76.280800      0.20571913       432.33255    
   77.304703      0.19694926       432.28748    
   78.342300      0.19708015       432.24136    
   79.393898      0.19543605       432.19473    
   80.459602      0.19091573       432.14822    
   81.539597      0.18457416       432.10184    
   82.634102      0.18730378       432.05408    
   83.743202      0.18135585       432.00665    
   84.867302      0.17985238       431.95874    
   86.006401      0.17409271       431.91089    
   87.160896      0.17667878       431.86191    
   88.330803      0.17545207       431.81204    
   89.516403      0.17421576       431.76202    
   90.718002      0.16910979       431.71194    
   91.935600      0.16942596       431.66116    
   93.169601      0.17051314       431.60947    
   94.420197      0.16804469       431.55743    
   95.687599      0.16825466       431.50464    
   96.972000      0.16783255       431.45120    
   98.273598      0.16818744       431.39658    
   99.592697      0.16595593       431.34198    
   100.92900      0.16632479       431.28616    
   102.28400      0.16650127       431.23001    
   103.65700      0.16656873       431.17270    
   105.04800      0.16774625       431.11441    
   106.45800      0.16712916       431.05545    
   107.88700      0.16598870       430.99594    
   109.33600      0.16565312       430.93567    
   110.80300      0.16713113       430.87442    
   112.29000      0.16955993       430.81149    
   113.79800      0.16754068       430.74850    
   115.32500      0.17068397       430.68372    
   116.87300      0.17103003       430.61804    
   118.44200      0.17120351       430.55145    
   120.03200      0.17104846       430.48404    
   121.64300      0.17825046       430.41391    
   123.27500      0.17232680       430.34454    
   124.93000      0.17740200       430.27280    
   126.60700      0.18014234       430.19958    
   128.30600      0.18175142       430.12509    
   130.02901      0.18340401       430.04938    
   131.77400      0.18699662       429.97195    
   133.54300      0.19552407       429.89120    
   135.33501      0.19545665       429.80945    
   137.15199      0.19574624       429.72659    
   138.99300      0.19864842       429.64209    
   140.85800      0.20272033       429.55563    
   142.74899      0.20851487       429.46625    
   144.66499      0.21036337       429.37531    
   146.60699      0.21523871       429.28207    
   148.57500      0.22129387       429.18628    
   150.56900      0.22279969       429.08893    
   152.59000      0.22950894       428.98816    
   154.63800      0.23528504       428.88474    
   156.71400      0.23831454       428.77924    
   158.81700      0.24333838       428.67117    
   160.94901      0.25017476       428.55945    
   163.11000      0.25158557       428.44647    
   165.29900      0.26154473       428.32895    
   167.51801      0.27309525       428.20627    
   169.76601      0.27713457       428.08160    
   172.04500      0.29020417       427.95123    
   174.35400      0.29312423       427.81839    
   176.69400      0.30046842       427.68182    
   179.06599      0.30716428       427.54163    
   181.47000      0.31464410       427.39691    
   183.90500      0.32163942       427.24835    
   186.37399      0.32993659       427.09546    
   188.87601      0.34596336       426.93521    
   191.41100      0.35517862       426.77084    
   193.98000      0.37453645       426.59781    
   196.58400      0.39442542       426.41574    
   199.22200      0.40408424       426.22906    
   201.89600      0.42204911       426.03354    
   204.60600      0.43326199       425.83197    
   207.35300      0.44383538       425.62436    
   210.13600      0.46085760       425.40775    
   212.95700      0.47190538       425.18542    
   215.81500      0.49282962       424.95242    
   218.71201      0.50957555       424.70990    
   221.64700      0.51175386       424.46432    
   224.62300      0.52659816       424.20950    
   227.63800      0.54242271       423.94501    
   230.69299      0.54746139       423.67615    
   233.78999      0.56365287       423.39697    
   236.92799      0.57795548       423.10895    
   240.10800      0.59008193       422.81265    
   243.33099      0.60466647       422.50610    
   246.59700      0.61207968       422.19275    
   249.90700      0.62479740       421.87036    
   253.26100      0.63894480       421.53821    
   256.66101      0.66226494       421.19144    
   260.10599      0.67260915       420.83603    
   263.59698      0.67827582       420.47366    
   267.13501      0.69138926       420.10022    
   270.72101      0.69664735       419.71967    
   274.35501      0.70487899       419.33060    
   278.03699      0.71590966       418.93179    
   281.76901      0.73439556       418.51865    
   285.55099      0.74383020       418.09589    
   289.38400      0.75307769       417.66345    
   293.26801      0.77806866       417.21295    
   297.20499      0.79291469       416.74957    
   301.19400      0.80142444       416.27625    
   305.23700      0.81193566       415.79068    
   309.33401      0.81600332       415.29681    
   313.48599      0.82374811       414.79276    
   317.69400      0.83242607       414.27774    
   321.95801      0.84625751       413.74805    
   326.28000      0.84402132       413.21252    
   330.65900      0.84044415       412.67194    
   335.09799      0.83639503       412.12634    
   339.59601      0.84099418       411.57007    
   344.15399      0.83897030       411.00772    
   348.77301      0.85068899       410.43048    
   353.45499      0.85393691       409.84381    
   358.19901      0.85178095       409.25195    
   363.00699      0.88598001       408.63046    
   367.87900      0.90023917       407.99387    
   372.81699      0.93504637       407.32733    
   377.82199      0.95633364       406.63940    
   382.89301      0.95348382       405.94305    
   388.03201      0.90779227       405.26663    
   393.24100      0.89267999       404.58932    
   398.51901      0.87612516       403.91351    
   403.86801      0.87359852       403.22913    
   409.28900      0.88513380       402.52835    
   414.78299      0.92151624       401.79468    
   420.35001      0.95652288       401.02841    
   425.99301      0.98467225       400.23312    
   431.71100       1.0122068       399.40750    
   437.50500       1.0174620       398.56750    
   443.37799       1.0161017       397.71729    
   449.32901       1.0139003       396.85608    
   455.35999      0.98435915       396.00464    
   461.47198      0.95028335       395.16656    
   467.66699      0.92299986       394.33731    
   473.94400      0.90421325       393.51126    
   480.30499      0.91345012       392.66589    
   486.75201      0.93265998       391.79468    
   493.28601      0.94598383       390.90164    
   499.90701      0.95973116       389.98462    
   506.61700      0.95299059       389.06247    
   513.41699      0.96730655       388.11511    
   520.30902      0.97258687       387.15091    
   527.29303      0.98610741       386.16125    
   534.37000      0.99313396       385.15286    
   541.54303      0.99322516       384.13269    
   548.81201       1.0224191       383.07068    
   556.17798       1.0194465       381.99915    
   563.64398       1.0309688       380.90329    
   571.20898       1.0557426       379.76935    
   578.87598       1.0658844       378.61139    
   586.64600       1.0805218       377.42303    
   594.52100       1.0683414       376.23227    
   602.50098       1.0742320       375.01868    
   610.58801       1.0693743       373.79395    
   618.78302       1.0590248       372.56339    
   627.08899       1.0525668       371.32114    
   635.50598       1.0342770       370.08090    
   644.03601       1.0156497       368.84332    
   652.68103      0.99764168       367.60797    
   661.44202      0.99184418       366.36057    
   670.32001      0.98866463       365.10046    
   679.31799      0.99397010       363.81842    
   688.43597       1.0015368       362.51187    
   697.67603       1.0160388       361.17072    
   707.04102       1.0196441       359.80829    
   716.53101       1.0227138       358.42514    
   726.14899       1.0284374       357.01788    
   735.89600       1.0468212       355.56958    
   745.77301       1.0419863       354.11093    
   755.78400       1.0599166       352.60818    
   765.92798       1.0418565       351.11044    
   776.20898       1.0378407       349.59637    
   786.62799       1.0216720       348.08310    
   797.18701       1.0033194       346.57367    
   807.88702      0.98270959       345.07132    
   818.73102      0.97118157       343.56253    
   829.72101      0.95319468       342.05820    
   840.85699      0.93567944       340.55838    
   852.14398      0.91882622       339.06238    
   863.58197      0.90996104       337.55759    
   875.17401      0.89733487       336.05179    
   886.92102      0.92623234       334.48990    
   898.82501      0.97163200       332.84616    
   910.89001      0.96278512       331.19675    
   923.11700      0.94665968       329.54953    
   935.50702      0.92364424       327.91788    
   948.06403      0.91269410       326.28558    
   960.78998      0.90778214       324.64206    
   973.68597      0.88424915       323.01810    
   986.75500      0.89575583       321.36166    
   1000.0000      0.91125292       319.67499    
