  0.20757900       0.0000000       451.24512    
  0.23718600       10.864742       451.20624    
  0.27101600       9.4171400       451.16754    
  0.30967101       9.5675335       451.12268    
  0.35383901       10.093475       451.06866    
  0.40430799       10.752052       451.00311    
  0.46197501       11.214259       450.92505    
  0.52786702       11.862530       450.83087    
  0.60315698       12.386334       450.71866    
  0.68918502       13.055617       450.58362    
  0.78748399       13.616175       450.42297    
  0.89980400       14.172713       450.23212    
   1.0281399       14.631543       450.00729    
   1.1747900       14.846747       449.74683    
   1.3423500       14.764667       449.45114    
   1.5338100       14.437580       449.12112    
   1.7525800       13.766598       448.76181    
   2.0025499       12.828267       448.37967    
   2.2881801       11.608088       447.98502    
   2.6145401       10.331430       447.58429    
   2.9874499       9.1522741       447.17935    
   3.4135599       8.1419687       446.76889    
   3.9004400       7.2918234       446.35007    
   4.4567599       6.5635939       445.92068    
   5.0924301       5.9391441       445.47827    
   5.8187699       5.3867455       445.02155    
   6.6487002       4.8918843       444.54953    
   7.5970101       4.4476995       444.06137    
   8.6805801       4.0453300       443.55637    
   9.9187002       3.6608050       443.03638    
   10.051800       3.4926250       442.98315    
   10.186800       3.3881280       442.93082    
   10.323500       3.4402077       442.87698    
   10.462100       3.3298528       442.82422    
   10.602500       3.3165221       442.77100    
   10.744800       3.2975843       442.71738    
   10.889000       3.2505474       442.66385    
   11.035200       3.2078452       442.61023    
   11.183300       3.1840870       442.55640    
   11.333400       3.1365166       442.50266    
   11.485500       3.1426680       442.44815    
   11.639700       3.0848567       442.39389    
   11.795900       3.0849135       442.33893    
   11.954300       3.0290761       442.28424    
   12.114700       3.0234046       442.22897    
   12.277300       2.9761770       442.17383    
   12.442100       2.9020634       442.11935    
   12.609100       2.9131634       442.06393    
   12.778400       2.8720777       442.00858    
   12.949900       2.8127227       441.95364    
   13.123700       2.8243814       441.89774    
   13.299900       2.7625329       441.84235    
   13.478400       2.7803178       441.78586    
   13.659300       2.6964581       441.73035    
   13.842700       2.7018220       441.67392    
   14.028500       2.6516829       441.61786    
   14.216800       2.6151021       441.56183    
   14.407600       2.5889287       441.50562    
   14.601000       2.5994172       441.44839    
   14.797000       2.5202503       441.39218    
   14.995600       2.5054150       441.33554    
   15.196900       2.4679620       441.27899    
   15.400800       2.4327178       441.22253    
   15.607600       2.3774192       441.16650    
   15.817000       2.3675821       441.11005    
   16.029400       2.3389995       441.05344    
   16.244499       2.2868919       440.99734    
   16.462601       2.2896576       440.94037    
   16.683500       2.2233465       440.88437    
   16.907499       2.2144277       440.82773    
   17.134399       2.1747642       440.77136    
   17.364401       2.1353619       440.71527    
   17.597500       2.1003568       440.65930    
   17.833700       2.0847728       440.60300    
   18.073000       2.0599232       440.54654    
   18.315599       2.0170426       440.49048    
   18.561501       1.9836766       440.43463    
   18.810600       1.9447640       440.37900    
   19.063101       1.9338706       440.32297    
   19.319000       1.8870497       440.26749    
   19.578300       1.8841513       440.21130    
   19.841101       1.8394582       440.15567    
   20.107401       1.7920713       440.10071    
   20.377300       1.8082510       440.04437    
   20.650801       1.7430094       439.98932    
   20.927999       1.7206836       439.93420    
   21.208900       1.6980057       439.87900    
   21.493601       1.6717266       439.82385    
   21.782101       1.6372128       439.76907    
   22.074499       1.5968866       439.71478    
   22.370800       1.5836776       439.66019    
   22.671000       1.5639687       439.60550    
   22.975300       1.5217338       439.55145    
   23.283701       1.5065098       439.49716    
   23.596300       1.4739199       439.44321    
   23.913000       1.4434499       439.38959    
   24.233999       1.4241176       439.33588    
   24.559200       1.4128443       439.28177    
   24.888901       1.3685665       439.22858    
   25.223000       1.3474661       439.17532    
   25.561501       1.3291817       439.12204    
   25.904600       1.2813408       439.06982    
   26.252300       1.2799419       439.01688    
   26.604700       1.2519099       438.96420    
   26.961800       1.2303852       438.91168    
   27.323700       1.1927142       438.85989    
   27.690500       1.1901217       438.80740    
   28.062099       1.1532671       438.75577    
   28.438801       1.1280754       438.70438    
   28.820499       1.1200538       438.65250    
   29.207399       1.0890204       438.60126    
   29.599400       1.0603973       438.55045    
   29.996700       1.0443054       438.49963    
   30.399401       1.0200700       438.44913    
   30.807400       1.0005101       438.39874    
   31.220900      0.96664661       438.34915    
   31.639999      0.95987558       438.29913    
   32.064701      0.92902231       438.24988    
   32.495098      0.92271262       438.20007    
   32.931198      0.88938588       438.15121    
   33.373299      0.88255739       438.10184    
   33.821201      0.85387474       438.05322    
   34.275200      0.83446777       438.00485    
   34.735199      0.82358241       437.95627    
   35.201500      0.79919654       437.90820    
   35.674000      0.78217077       437.86038    
   36.152802      0.76918656       437.81244    
   36.638100      0.74774534       437.76495    
   37.129902      0.73576176       437.71738    
   37.628300      0.72189099       437.66980    
   38.133301      0.69358224       437.62317    
   38.645199      0.68926853       437.57605    
   39.163898      0.66583127       437.52951    
   39.689602      0.66871828       437.48206    
   40.222301      0.63527882       437.43597    
   40.762199      0.62728584       437.38953    
   41.309299      0.61526215       437.34311    
   41.863800      0.60194159       437.29675    
   42.425701      0.58072174       437.25113    
   42.995201      0.56709421       437.20560    
   43.572300      0.55516434       437.15997    
   44.157200      0.54511791       437.11441    
   44.749901      0.53142524       437.06900    
   45.350498      0.51886374       437.02368    
   45.959202      0.49968392       436.97894    
   46.576099      0.48887202       436.93436    
   47.201302      0.48031864       436.88950    
   47.834900      0.46338522       436.84525    
   48.476898      0.45491531       436.80084    
   49.127602      0.44328833       436.75662    
   49.786999      0.42963237       436.71268    
   50.455299      0.42583540       436.66830    
   51.132599      0.41751584       436.62378    
   51.818901      0.40153164       436.57999    
   52.514500      0.39505458       436.53586    
   53.219299      0.38697389       436.49173    
   53.933701      0.36951581       436.44839    
   54.657600      0.37534043       436.40366    
   55.391201      0.36124933       436.35956    
   56.134701      0.34604776       436.31622    
   56.888199      0.34384856       436.27213    
   57.651798      0.33525261       436.22809    
   58.425701      0.32413346       436.18448    
   59.209900      0.32184836       436.14017    
   60.004601      0.30754879       436.09659    
   60.810101      0.30310571       436.05273    
   61.626301      0.29723883       436.00864    
   62.453499      0.29079622       435.96445    
   63.291801      0.28233588       435.92032    
   64.141296      0.27315891       435.87662    
   65.002197      0.26295844       435.83313    
   65.874702      0.26536462       435.78851    
   66.759003      0.25104922       435.74475    
   67.654999      0.24633497       435.70081    
   68.563103      0.24418499       435.65634    
   69.483398      0.23311433       435.61258    
   70.416100      0.23111829       435.56808    
   71.361298      0.22370294       435.52386    
   72.319099      0.21726365       435.47971    
   73.289803      0.21649860       435.43460    
   74.273598      0.20759642       435.39005    
   75.270500      0.20150846       435.34579    
   76.280800      0.20291503       435.30029    
   77.304703      0.19619466       435.25497    
   78.342300      0.19211592       435.20966    
   79.393898      0.18686429       435.16431    
   80.459602      0.19067407       435.11743    
   81.539597      0.18147407       435.07132    
   82.634102      0.18024459       435.02463    
   83.743202      0.17810491       434.97751    
   84.867302      0.17549926       434.93008    
   86.006401      0.17544927       434.88193    
   87.160896      0.17221721       434.83347    
   88.330803      0.17259024       434.78433    
   89.516403      0.16813341       434.73541    
   90.718002      0.16825245       434.68539    
   91.935600      0.16857989       434.63464    
   93.169601      0.16738254       434.58340    
   94.420197      0.16783875       434.53140    
   95.687599      0.16601939       434.47894    
   96.972000      0.16743152       434.42517    
   98.273598      0.16502155       434.37137    
   99.592697      0.16341777       434.31714    
   100.92900      0.16613206       434.26138    
   102.28400      0.16479065       434.20544    
   103.65700      0.16488053       434.14838    
   105.04800      0.16533929       434.09048    
   106.45800      0.16274545       434.03268    
   107.88700      0.16472711       433.97333    
   109.33600      0.16725278       433.91241    
   110.80300      0.16502443       433.85147    
   112.29000      0.16505681       433.78976    
   113.79800      0.16668676       433.72650    
   115.32500      0.17085262       433.66168    
   116.87300      0.16820171       433.59650    
   118.44200      0.16972621       433.53015    
   120.03200      0.17088647       433.46280    
   121.64300      0.17073677       433.39462    
   123.27500      0.17374708       433.32449    
   124.93000      0.17740200       433.25275    
   126.60700      0.17630300       433.18076    
   128.30600      0.17978080       433.10675    
   130.02901      0.18400191       433.03033    
   131.77400      0.18640627       432.95303    
   133.54300      0.19275790       432.87289    
   135.33501      0.19215114       432.79187    
   137.15199      0.19645496       432.70889    
   138.99300      0.19655003       432.62485    
   140.85800      0.20064893       432.53885    
   142.74899      0.20565477       432.45004    
   144.66499      0.21090104       432.35898    
   146.60699      0.21484084       432.26584    
   148.57500      0.21802221       432.17081    
   150.56900      0.22112063       432.07385    
   152.59000      0.22836202       431.97336    
   154.63800      0.23352449       431.87036    
   156.71400      0.23707396       431.76517    
   158.81700      0.24113400       431.65765    
   160.94901      0.24812117       431.54645    
   163.11000      0.25289655       431.43259    
   165.29900      0.26025054       431.31540    
   167.51801      0.26856881       431.19455    
   169.76601      0.27587435       431.07025    
   172.04500      0.28749198       430.94064    
   174.35400      0.29267806       430.80789    
   176.69400      0.30310991       430.66998    
   179.06599      0.30542704       430.53033    
   181.47000      0.31410843       430.38574    
   183.90500      0.31952405       430.23785    
   186.37399      0.32889348       430.08527    
   188.87601      0.34400761       429.92563    
   191.41100      0.35284191       429.76199    
   193.98000      0.37403518       429.58920    
   196.58400      0.39323857       429.40753    
   199.22200      0.40301034       429.22122    
   201.89600      0.42079702       429.02621    
   204.60600      0.43183649       428.82513    
   207.35300      0.44805434       428.61548    
   210.13600      0.45419461       428.40186    
   212.95700      0.47610497       428.17743    
   215.81500      0.49787596       427.94205    
   218.71201      0.50290805       427.70267    
   221.64700      0.51675558       427.45468    
   224.62300      0.52495390       427.20050    
   227.63800      0.53593069       426.93918    
   230.69299      0.55192941       426.66797    
   233.78999      0.56365287       426.38889    
   236.92799      0.57787341       426.10098    
   240.10800      0.58870512       425.80527    
   243.33099      0.60346782       425.49927    
   246.59700      0.61136997       425.18628    
   249.90700      0.62448621       424.86411    
   253.26100      0.64616275       424.52829    
   256.66101      0.66097718       424.18210    
   260.10599      0.67260915       423.82675    
   263.59698      0.67842340       423.46445    
   267.13501      0.69037020       423.09146    
   270.72101      0.69621646       422.71115    
   274.35501      0.70487899       422.32220    
   278.03699      0.72353393       421.91922    
   281.76901      0.73467165       421.50601    
   285.55099      0.74287683       421.08377    
   289.38400      0.76208133       420.64636    
   293.26801      0.76911694       420.20105    
   297.20499      0.79356885       419.73749    
   301.19400      0.80994684       419.25925    
   305.23700      0.80480111       418.77820    
   309.33401      0.81694621       418.28403    
   313.48599      0.83311456       417.77438    
   317.69400      0.83340532       417.25900    
   321.95801      0.84686148       416.72906    
   326.28000      0.84378296       416.19376    
   330.65900      0.84226739       415.65231    
   335.09799      0.84585208       415.10074    
   339.59601      0.84116596       414.54449    
   344.15399      0.84049588       413.98138    
   348.77301      0.85130233       413.40390    
   353.45499      0.85542214       412.81650    
   358.19901      0.86149853       412.21805    
   363.00699      0.87810582       411.60233    
   367.87900      0.91171020       410.95801    
   372.81699      0.93635029       410.29077    
   377.82199      0.95798028       409.60193    
   382.89301      0.94622123       408.91122    
   388.03201      0.91951931       408.22641    
   393.24100      0.89455879       407.54800    
   398.51901      0.87866253       406.87067    
   403.86801      0.87610221       406.18475    
   409.28900      0.88750923       405.48248    
   414.78299      0.92362571       404.74750    
   420.35001      0.95948368       403.97928    
   425.99301      0.99694932       403.17450    
   431.71100       1.0147741       402.34714    
   437.50500       1.0203956       401.50516    
   443.37799       1.0192152       400.65283    
   449.32901       1.0159342       399.79025    
   455.35999      0.97782552       398.94489    
   461.47198      0.96300882       398.09625    
   467.66699      0.92557740       397.26517    
   473.94400      0.90651089       396.43744    
   480.30499      0.91705352       395.58939    
   486.75201      0.93517667       394.71631    
   493.28601      0.95745385       393.81296    
   499.90701      0.95405203       392.90204    
   506.61700      0.96538806       391.96854    
   513.41699      0.97045010       391.01874    
   520.30902      0.97542685       390.05231    
   527.29303      0.98942631       389.06003    
   534.37000      0.99633646       388.04898    
   541.54303       1.0063661       387.01605    
   548.81201       1.0161479       385.96121    
   556.17798       1.0232576       384.88638    
   563.64398       1.0441116       383.77719    
   571.20898       1.0596237       382.63977    
   578.87598       1.0691427       381.47885    
   586.64600       1.0748870       380.29742    
   594.52100       1.0826004       379.09152    
   602.50098       1.0778790       377.87448    
   610.58801       1.0733869       376.64590    
   618.78302       1.0725384       375.40033    
   627.08899       1.0463654       374.16602    
   635.50598       1.0384077       372.92169    
   644.03601       1.0192425       371.68045    
   652.68103       1.0105710       370.42990    
   661.44202      0.98628819       369.19025    
   670.32001      0.99255192       367.92606    
   679.31799       1.0070219       366.62808    
   688.43597       1.0044744       365.31833    
   697.67603       1.0201918       363.97266    
   707.04102       1.0234942       362.60599    
   716.53101       1.0265132       361.21860    
   726.14899       1.0324272       359.80679    
   735.89600       1.0505469       358.35419    
   745.77301       1.0553629       356.87775    
   755.78400       1.0543340       355.38382    
   765.92798       1.0556681       353.86734    
   776.20898       1.0415982       352.34875    
   786.62799       1.0256270       350.83066    
   797.18701       1.0070268       349.31659    
   807.88702      0.98660886       347.80942    
   818.73102      0.97495782       346.29587    
   829.72101      0.95685047       344.78690    
   840.85699      0.94791371       343.26874    
   852.14398      0.92211199       341.76846    
   863.58197      0.91372132       340.25876    
   875.17401      0.90062308       338.74866    
   886.92102      0.93765485       337.16867    
   898.82501      0.97518015       335.52029    
   910.89001      0.96611518       333.86649    
   923.11700      0.95019835       332.21457    
   935.50702      0.92694926       330.57855    
   948.06403      0.91603720       328.94183    
   960.78998      0.91114157       327.29388    
   973.68597      0.89523315       325.65161    
   986.75500      0.89128250       324.00522    
   1000.0000      0.93019193       322.28564    
