  0.20757900       0.0000000       452.42059    
  0.23718600       10.838646       452.38177    
  0.27101600       9.3866892       452.34329    
  0.30967101       9.5009069       452.29874    
  0.35383901       9.8952217       452.24582    
  0.40430799       10.537725       452.18158    
  0.46197501       11.049015       452.10468    
  0.52786702       11.514666       452.01321    
  0.60315698       12.092155       451.90369    
  0.68918502       12.663441       451.77271    
  0.78748399       13.220554       451.61673    
  0.89980400       13.718709       451.43201    
   1.0281399       14.113790       451.21506    
   1.1747900       14.254914       450.96490    
   1.3423500       14.278967       450.67889    
   1.5338100       14.036723       450.35791    
   1.7525800       13.444036       450.00696    
   2.0025499       12.627358       449.63068    
   2.2881801       11.502593       449.23953    
   2.6145401       10.321172       448.83908    
   2.9874499       9.1709213       448.43326    
   3.4135599       8.1818600       448.02066    
   3.9004400       7.3404884       447.59900    
   4.4567599       6.6260910       447.16562    
   5.0924301       6.0063996       446.71844    
   5.8187699       5.4931188       446.25317    
   6.6487002       4.9874625       445.77264    
   7.5970101       4.5316181       445.27618    
   8.6805801       4.0933414       444.76620    
   9.9187002       3.6876385       444.24350    
   10.051800       3.4674704       444.19073    
   10.186800       3.4339137       444.13782    
   10.323500       3.4157155       444.08453    
   10.462100       3.3540092       444.03149    
   10.602500       3.3697186       443.97754    
   10.744800       3.3174927       443.92371    
   10.889000       3.2380455       443.87051    
   11.035200       3.2289841       443.81674    
   11.183300       3.2310398       443.76224    
   11.333400       3.1708329       443.70798    
   11.485500       3.1325085       443.65381    
   11.639700       3.1449840       443.59863    
   11.795900       3.0700743       443.54413    
   11.954300       3.0485871       443.48920    
   12.114700       3.0234046       443.43411    
   12.277300       2.9951842       443.37872    
   12.442100       2.9505091       443.32352    
   12.609100       2.8838623       443.26886    
   12.778400       2.8933749       443.21323    
   12.949900       2.8652828       443.15744    
   13.123700       2.7991900       443.10223    
   13.299900       2.8180761       443.04587    
   13.478400       2.7759893       442.98965    
   13.659300       2.7163897       442.93393    
   13.842700       2.6891835       442.87796    
   14.028500       2.6835639       442.82135    
   14.216800       2.6205728       442.76538    
   14.407600       2.5983772       442.70917    
   14.601000       2.5581355       442.65302    
   14.797000       2.5373323       442.59662    
   14.995600       2.5067117       442.54013    
   15.196900       2.4590063       442.48392    
   15.400800       2.4365070       442.42758    
   15.607600       2.4060628       442.37109    
   15.817000       2.3515933       442.31519    
   16.029400       2.3499124       442.25848    
   16.244499       2.3192198       442.20181    
   16.462601       2.2601364       442.14581    
   16.683500       2.2361712       442.08966    
   16.907499       2.2282248       442.03293    
   17.134399       2.1838446       441.97656    
   17.364401       2.1353619       441.92065    
   17.597500       2.1158252       441.86450    
   17.833700       2.0804114       441.80856    
   18.073000       2.0620756       441.75226    
   18.315599       2.0255356       441.69623    
   18.561501       1.9920553       441.64032    
   18.810600       1.9685436       441.58429    
   19.063101       1.9359105       441.52841    
   19.319000       1.8759789       441.47351    
   19.578300       1.8762056       441.41779    
   19.841101       1.8306382       441.36264    
   20.107401       1.7978740       441.30768    
   20.377300       1.7853496       441.25229    
   20.650801       1.7420678       441.19751    
   20.927999       1.6974562       441.14331    
   21.208900       1.6906708       441.08853    
   21.493601       1.6581575       441.03403    
   21.782101       1.6247150       440.97983    
   22.074499       1.5757475       440.92648    
   22.370800       1.5862852       440.87198    
   22.671000       1.5433788       440.81824    
   22.975300       1.5141165       440.76465    
   23.283701       1.4948186       440.71097    
   23.596300       1.4648572       440.65759    
   23.913000       1.4483291       440.60400    
   24.233999       1.4064665       440.55118    
   24.559200       1.3859179       440.49829    
   24.888901       1.3591927       440.44562    
   25.223000       1.3366741       440.39307    
   25.561501       1.3185300       440.34039    
   25.904600       1.2933511       440.28790    
   26.252300       1.2673500       440.23569    
   26.604700       1.2263308       440.18436    
   26.961800       1.2246156       440.13226    
   27.323700       1.1806163       440.08127    
   27.690500       1.1781853       440.02954    
   28.062099       1.1456434       439.97845    
   28.438801       1.1171365       439.92780    
   28.820499       1.1133065       439.87650    
   29.207399       1.0723789       439.82620    
   29.599400       1.0649962       439.77551    
   29.996700       1.0410643       439.72510    
   30.399401       1.0066396       439.67551    
   30.807400      0.99356651       439.62573    
   31.220900      0.97225219       439.57617    
   31.639999      0.94819975       439.52698    
   32.064701      0.92356461       439.47821    
   32.495098      0.90476102       439.42963    
   32.931198      0.89529151       439.38068    
   33.373299      0.86216831       439.33267    
   33.821201      0.84754974       439.28464    
   34.275200      0.82142031       439.23718    
   34.735199      0.81462437       439.18933    
   35.201500      0.78152251       439.14255    
   35.674000      0.77344972       439.09534    
   36.152802      0.74982244       439.04880    
   36.638100      0.74668396       439.00156    
   37.129902      0.71586215       438.95541    
   37.628300      0.70432174       438.90912    
   38.133301      0.69409227       438.86270    
   38.645199      0.66763455       438.81705    
   39.163898      0.65739048       438.77127    
   39.689602      0.65010196       438.72516    
   40.222301      0.62802678       438.67972    
   40.762199      0.61202109       438.63452    
   41.309299      0.59737384       438.58945    
   41.863800      0.58243424       438.54468    
   42.425701      0.57797170       438.49936    
   42.995201      0.56166744       438.45447    
   43.572300      0.54356122       438.41003    
   44.157200      0.53543085       438.36542    
   44.749901      0.52751452       438.32059    
   45.350498      0.51243150       438.27609    
   45.959202      0.49164498       438.23242    
   46.576099      0.48928952       438.18802    
   47.201302      0.47002020       438.14441    
   47.834900      0.46623057       438.10019    
   48.476898      0.45210719       438.05640    
   49.127602      0.43695563       438.01303    
   49.786999      0.42963237       437.96942    
   50.455299      0.41543040       437.92621    
   51.132599      0.40915030       437.88272    
   51.818901      0.39139953       437.84006    
   52.514500      0.38913059       437.79663    
   53.219299      0.37381896       437.75397    
   53.933701      0.36374778       437.71133    
   54.657600      0.35861909       437.66846    
   55.391201      0.35001513       437.62555    
   56.134701      0.33842707       437.58295    
   56.888199      0.33051842       437.54050    
   57.651798      0.32142428       437.49796    
   58.425701      0.31414989       437.45551    
   59.209900      0.31429476       437.41217    
   60.004601      0.30236357       437.36938    
   60.810101      0.29447296       437.32663    
   61.626301      0.28745708       437.28387    
   62.453499      0.28332394       437.24075    
   63.291801      0.26973981       437.19846    
   64.141296      0.26921767       437.15530    
   65.002197      0.25936854       437.11261    
   65.874702      0.25355753       437.06955    
   66.759003      0.25163171       437.02625    
   67.654999      0.24403547       436.98300    
   68.563103      0.23936369       436.93954    
   69.483398      0.22863674       436.89676    
   70.416100      0.22752865       436.85315    
   71.361298      0.22179562       436.80939    
   72.319099      0.21538141       436.76593    
   73.289803      0.21066163       436.72226    
   74.273598      0.20393142       436.67868    
   75.270500      0.20280018       436.63449    
   76.280800      0.19577731       436.59042    
   77.304703      0.19443394       436.54608    
   78.342300      0.18814452       436.50143    
   79.393898      0.18563975       436.45670    
   80.459602      0.18294077       436.41159    
   81.539597      0.18123561       436.36597    
   82.634102      0.17577378       436.32040    
   83.743202      0.17694385       436.27396    
   84.867302      0.17091703       436.22760    
   86.006401      0.17273614       436.18036    
   87.160896      0.16797869       436.13339    
   88.330803      0.16774714       436.08545    
   89.516403      0.16835064       436.03671    
   90.718002      0.16418010       435.98795    
   91.935600      0.16815686       435.93784    
   93.169601      0.16425195       435.88766    
   94.420197      0.16516158       435.83664    
   95.687599      0.16297130       435.78525    
   96.972000      0.16281964       435.73322    
   98.273598      0.16343862       435.67996    
   99.592697      0.16107486       435.62677    
   100.92900      0.16285567       435.57220    
   102.28400      0.16060910       435.51761    
   103.65700      0.16337991       435.46143    
   105.04800      0.16219173       435.40475    
   106.45800      0.15836172       435.34836    
   107.88700      0.16328530       435.28995    
   109.33600      0.16405347       435.23022    
   110.80300      0.16151328       435.17059    
   112.29000      0.16245885       435.11005    
   113.79800      0.16446654       435.04791    
   115.32500      0.16596149       434.98471    
   116.87300      0.16537338       434.92126    
   118.44200      0.16660744       434.85626    
   120.03200      0.16926670       434.78949    
   121.64300      0.17009731       434.72220    
   123.27500      0.16995968       434.65408    
   124.93000      0.17257792       434.58408    
   126.60700      0.17553513       434.51260    
   128.30600      0.17644592       434.44006    
   130.02901      0.18116191       434.36557    
   131.77400      0.18655385       434.28860    
   133.54300      0.18591529       434.21124    
   135.33501      0.19114511       434.13135    
   137.15199      0.19163571       434.05026    
   138.99300      0.19599044       433.96722    
   140.85800      0.20064893       433.88162    
   142.74899      0.20170511       433.79523    
   144.66499      0.20700294       433.70599    
   146.60699      0.21059708       433.61478    
   148.57500      0.21619010       433.52115    
   150.56900      0.22176643       433.42447    
   152.59000      0.22262749       433.32693    
   154.63800      0.23038065       433.22574    
   156.71400      0.23446876       433.12222    
   158.81700      0.24223620       433.01492    
   160.94901      0.24159802       432.90698    
   163.11000      0.25051296       432.79483    
   165.29900      0.25730920       432.67950    
   167.51801      0.26462269       432.56079    
   169.76601      0.27667633       432.43677    
   172.04500      0.28263265       432.30960    
   174.35400      0.28966653       432.17886    
   176.69400      0.29595590       432.04483    
   179.06599      0.30423272       431.90604    
   181.47000      0.30650213       431.76547    
   183.90500      0.31624526       431.61975    
   186.37399      0.32878917       431.46780    
   188.87601      0.33556697       431.31259    
   191.41100      0.35395947       431.14926    
   193.98000      0.36892241       430.97925    
   196.58400      0.38819450       430.80048    
   199.22200      0.39822653       430.61700    
   201.89600      0.41704077       430.42450    
   204.60600      0.42613441       430.22662    
   207.35300      0.44364786       430.01978    
   210.13600      0.44993767       429.80896    
   212.95700      0.47062725       429.58780    
   215.81500      0.49246916       429.35568    
   218.71201      0.49837413       429.11929    
   221.64700      0.51105189       428.87476    
   224.62300      0.51906914       428.62411    
   227.63800      0.53080547       428.36618    
   230.69299      0.54594392       428.09866    
   233.78999      0.55874646       427.82297    
   236.92799      0.57114345       427.53909    
   240.10800      0.58935302       427.24390    
   243.33099      0.59180123       426.94479    
   246.59700      0.60608661       426.63544    
   249.90700      0.62503088       426.31387    
   253.26100      0.63303220       425.98581    
   256.66101      0.65529609       425.64362    
   260.10599      0.66617990       425.29260    
   263.59698      0.68034148       424.93030    
   267.13501      0.68316364       424.56213    
   270.72101      0.69003999       424.18625    
   274.35501      0.69899672       423.80164    
   278.03699      0.71688890       423.40338    
   281.76901      0.72852981       422.99475    
   285.55099      0.73667991       422.57718    
   289.38400      0.74743366       422.14926    
   293.26801      0.77150410       421.70380    
   297.20499      0.78728890       421.24512    
   301.19400      0.80303854       420.77206    
   305.23700      0.79792142       420.29626    
   309.33401      0.81003147       419.80743    
   313.48599      0.82728380       419.30273    
   317.69400      0.82673413       418.79272    
   321.95801      0.84057993       418.26804    
   326.28000      0.83865833       417.73743    
   330.65900      0.83538622       417.20172    
   335.09799      0.84010822       416.65533    
   339.59601      0.83549750       416.10431    
   344.15399      0.84264302       415.54117    
   348.77301      0.83708417       414.97485    
   353.45499      0.84970134       414.39285    
   358.19901      0.85617828       413.79974    
   363.00699      0.88078409       413.18362    
   367.87900      0.89595735       412.55197    
   372.81699      0.93123901       411.89014    
   377.82199      0.95211411       411.20721    
   382.89301      0.94987792       410.51550    
   388.03201      0.91355556       409.83688    
   393.24100      0.88931793       409.16422    
   398.51901      0.87270945       408.49316    
   403.86801      0.86998743       407.81372    
   409.28900      0.88247329       407.11728    
   414.78299      0.91865671       406.38818    
   420.35001      0.95430231       405.62607    
   425.99301      0.99170077       404.82745    
   431.71100       1.0094593       404.00650    
   437.50500       1.0149728       403.17096    
   443.37799       1.0139530       402.32501    
   449.32901       1.0113902       401.46848    
   455.35999      0.98256558       400.62115    
   461.47198      0.94880855       399.78702    
   467.66699      0.92171109       398.96167    
   473.94400      0.91159856       398.13156    
   480.30499      0.91255939       397.28976    
   486.75201      0.93106204       396.42276    
   493.28601      0.94515610       395.53342    
   499.90701      0.94977325       394.62878    
   506.61700      0.96208721       393.70087    
   513.41699      0.96696568       392.75687    
   520.30902      0.97210103       391.79614    
   527.29303      0.98610741       390.80969    
   534.37000      0.99349785       389.80417    
   541.54303       1.0027039       388.77750    
   548.81201       1.0129591       387.72855    
   556.17798       1.0199010       386.65991    
   563.64398       1.0409034       385.55688    
   571.20898       1.0563555       384.42578    
   578.87598       1.0661196       383.27100    
   586.64600       1.0715061       382.09616    
   594.52100       1.0793626       380.89679    
   602.50098       1.0746839       379.68631    
   610.58801       1.0699157       378.46463    
   618.78302       1.0692700       377.22586    
   627.08899       1.0435127       375.99802    
   635.50598       1.0352255       374.76056    
   644.03601       1.0165253       373.52576    
   652.68103       1.0074430       372.28220    
   661.44202      0.98361307       371.04910    
   670.32001      0.98959297       369.79184    
   679.31799       1.0042455       368.50076    
   688.43597       1.0018475       367.19778    
   697.67603       1.0168191       365.85977    
   707.04102       1.0207992       364.50015    
   716.53101       1.0237451       363.11996    
   726.14899       1.0294548       361.71570    
   735.89600       1.0479311       360.27032    
   745.77301       1.0525467       358.80151    
   755.78400       1.0516329       357.31509    
   765.92798       1.0528753       355.80643    
   776.20898       1.0302504       354.30832    
   786.62799       1.0234023       352.79758    
   797.18701       1.0139050       351.27737    
   807.88702      0.98432225       349.77786    
   818.73102      0.97282034       348.27197    
   829.72101      0.95443672       346.77115    
   840.85699      0.94571662       345.26105    
   852.14398      0.92012686       343.76862    
   863.58197      0.91194254       342.26669    
   875.17401      0.90648842       340.75171    
   886.92102      0.92763549       339.19366    
   898.82501      0.98177886       337.53949    
   910.89001      0.96412998       335.89444    
   923.11700      0.94842899       334.25125    
   935.50702      0.92559814       332.62344    
   948.06403      0.92241585       330.98141    
   960.78998      0.90964401       329.34241    
   973.68597      0.89393502       327.70914    
   986.75500      0.89802206       326.05746    
   1000.0000      0.92169464       324.36124    
