  0.20757900       0.0000000       439.11395    
  0.23718600       10.795153       439.07535    
  0.27101600       9.2115927       439.03751    
  0.30967101       9.4809189       438.99310    
  0.35383901       9.8252497       438.94061    
  0.40430799       10.354017       438.87753    
  0.46197501       10.763187       438.80264    
  0.52786702       11.315329       438.71283    
  0.60315698       11.811658       438.60583    
  0.68918502       12.349099       438.47812    
  0.78748399       12.796113       438.32712    
  0.89980400       13.202796       438.14932    
   1.0281399       13.463588       437.94235    
   1.1747900       13.561223       437.70428    
   1.3423500       13.487398       437.43396    
   1.5338100       13.240390       437.13101    
   1.7525800       12.688250       436.79959    
   2.0025499       11.894814       436.44482    
   2.2881801       10.920115       436.07315    
   2.6145401       9.8098087       435.69211    
   2.9874499       8.7717352       435.30347    
   3.4135599       7.8216333       434.90842    
   3.9004400       7.0336871       434.50363    
   4.4567599       6.3895278       434.08499    
   5.0924301       5.8184085       433.65109    
   5.8187699       5.3310771       433.19870    
   6.6487002       4.8645759       432.72925    
   7.5970101       4.4371076       432.24243    
   8.6805801       4.0270286       431.74017    
   9.9187002       3.6393797       431.22394    
   10.051800       3.4384458       431.17163    
   10.186800       3.3919435       431.11932    
   10.323500       3.3818033       431.06656    
   10.462100       3.3205619       431.01404    
   10.602500       3.3018472       430.96112    
   10.744800       3.2613869       430.90820    
   10.889000       3.2148271       430.85541    
   11.035200       3.1937525       430.80219    
   11.183300       3.1666973       430.74878    
   11.333400       3.1245058       430.69534    
   11.485500       3.1037233       430.64163    
   11.639700       3.0731654       430.58774    
   11.795900       3.0173125       430.53415    
   11.954300       3.0160689       430.47986    
   12.114700       2.9945033       430.42529    
   12.277300       2.9286597       430.37119    
   12.442100       2.9317560       430.31631    
   12.609100       2.8591874       430.26212    
   12.778400       2.8340471       430.20767    
   12.949900       2.8337467       430.15253    
   13.123700       2.7710352       430.09787    
   13.299900       2.7610714       430.04269    
   13.478400       2.7067339       429.98788    
   13.659300       2.6850686       429.93280    
   13.842700       2.6498640       429.87772    
   14.028500       2.6281185       429.82236    
   14.216800       2.5877473       429.76709    
   14.407600       2.5686815       429.71158    
   14.601000       2.5408237       429.65582    
   14.797000       2.4808304       429.60074    
   14.995600       2.4768853       429.54495    
   15.196900       2.4116685       429.48993    
   15.400800       2.3796680       429.43494    
   15.607600       2.3923638       429.37885    
   15.817000       2.3343744       429.32336    
   16.029400       2.2892852       429.26819    
   16.244499       2.2617483       429.21301    
   16.462601       2.2365196       429.15759    
   16.683500       2.2011948       429.10239    
   16.907499       2.1707370       429.04712    
   17.134399       2.1509280       428.99167    
   17.364401       2.0950508       428.93683    
   17.597500       2.0815742       428.88162    
   17.833700       2.0291643       428.82706    
   18.073000       2.0308647       428.77170    
   18.315599       1.9777634       428.71704    
   18.561501       1.9553981       428.66220    
   18.810600       1.9106454       428.60788    
   19.063101       1.8951116       428.55322    
   19.319000       1.8659147       428.49863    
   19.578300       1.8305172       428.44431    
   19.841101       1.8012382       428.39011    
   20.107401       1.7814330       428.33569    
   20.377300       1.7309589       428.28210    
   20.650801       1.7232347       428.22797    
   20.927999       1.6872362       428.17416    
   21.208900       1.6521631       428.12070    
   21.493601       1.6174498       428.06760    
   21.782101       1.6166807       428.01373    
   22.074499       1.5687011       427.96072    
   22.370800       1.5489098       427.90762    
   22.671000       1.5124941       427.85501    
   22.975300       1.4904188       427.80237    
   23.283701       1.4672604       427.74973    
   23.596300       1.4459080       427.69708    
   23.913000       1.4027892       427.64526    
   24.233999       1.3952341       427.59290    
   24.559200       1.3827500       427.54028    
   24.888901       1.3185732       427.48929    
   25.223000       1.3320489       427.43698    
   25.561501       1.2850531       427.38577    
   25.904600       1.2663281       427.33450    
   26.252300       1.2532765       427.28296    
   26.604700       1.2182916       427.23206    
   26.961800       1.1950459       427.18137    
   27.323700       1.1791930       427.13052    
   27.690500       1.1529084       427.08002    
   28.062099       1.1199998       427.03018    
   28.438801       1.1109834       426.97986    
   28.820499       1.0876666       426.92987    
   29.207399       1.0504121       426.88074    
   29.599400       1.0492283       426.83087    
   29.996700       1.0164315       426.78174    
   30.399401      0.99256968       426.73297    
   30.807400      0.97462940       426.68423    
   31.220900      0.95481271       426.63574    
   31.639999      0.93529487       426.58740    
   32.064701      0.92235178       426.53894    
   32.495098      0.90476102       426.49060    
   32.931198      0.87344074       426.44305    
   33.373299      0.85634285       426.39560    
   33.821201      0.85099971       426.34769    
   34.275200      0.81688207       426.30078    
   34.735199      0.80006748       426.25409    
   35.201500      0.79477799       426.20682    
   35.674000      0.76854414       426.16025    
   36.152802      0.75143611       426.11389    
   36.638100      0.73500872       426.06769    
   37.129902      0.71795684       426.02167    
   37.628300      0.69502032       425.97632    
   38.133301      0.68746239       425.93057    
   38.645199      0.66864079       425.88519    
   39.163898      0.65391481       425.84000    
   39.689602      0.63393515       425.79526    
   40.222301      0.62319207       425.75037    
   40.762199      0.60820490       425.70575    
   41.309299      0.59078348       425.66147    
   41.863800      0.58382761       425.61688    
   42.425701      0.55734622       425.57336    
   42.995201      0.55081397       425.52945    
   43.572300      0.54043728       425.48550    
   44.157200      0.52045995       425.44226    
   44.749901      0.51100254       425.39896    
   45.350498      0.50085360       425.35550    
   45.959202      0.48741397       425.31232    
   46.576099      0.47175524       425.26953    
   47.201302      0.45436659       425.22739    
   47.834900      0.45200384       425.18463    
   48.476898      0.44127586       425.14188    
   49.127602      0.42270708       425.10001    
   49.786999      0.42455491       425.05707    
   50.455299      0.40232775       425.01529    
   51.132599      0.40040454       424.97293    
   51.818901      0.38764688       424.93091    
   52.514500      0.37432069       424.88922    
   53.219299      0.37199187       424.84698    
   53.933701      0.35257217       424.80582    
   54.657600      0.35043633       424.76395    
   55.391201      0.33737668       424.72263    
   56.134701      0.33392394       424.68076    
   56.888199      0.31753013       424.63977    
   57.651798      0.31602788       424.59821    
   58.425701      0.30516466       424.55692    
   59.209900      0.29524660       424.51599    
   60.004601      0.29199311       424.47452    
   60.810101      0.27912584       424.43375    
   61.626301      0.27956858       424.39206    
   62.453499      0.26682267       424.35104    
   63.291801      0.26205930       424.30984    
   64.141296      0.25496852       424.26865    
   65.002197      0.25039387       424.22723    
   65.874702      0.24263597       424.18591    
   66.759003      0.23677845       424.14474    
   67.654999      0.23225047       424.10315    
   68.563103      0.22745222       424.06155    
   69.483398      0.22443901       424.01962    
   70.416100      0.21510293       423.97803    
   71.361298      0.21634609       423.93561    
   72.319099      0.20812136       423.89340    
   73.289803      0.20747782       423.85059    
   74.273598      0.20209892       423.80792    
   75.270500      0.19737495       423.76489    
   76.280800      0.19297321       423.72195    
   77.304703      0.19342782       423.67828    
   78.342300      0.18715169       423.63461    
   79.393898      0.18637447       423.59039    
   80.459602      0.18318243       423.54584    
   81.539597      0.17765859       423.50162    
   82.634102      0.18000929       423.45609    
   83.743202      0.17438956       423.41092    
   84.867302      0.17343725       423.36490    
   86.006401      0.16911863       423.31903    
   87.160896      0.16954024       423.27243    
   88.330803      0.16642630       423.22528    
   89.516403      0.16509224       423.17795    
   90.718002      0.16310844       423.13019    
   91.935600      0.16159980       423.08200    
   93.169601      0.16446066       423.03238    
   94.420197      0.15713003       422.98346    
   95.687599      0.15972000       422.93350    
   96.972000      0.15880930       422.88263    
   98.273598      0.15809619       422.83151    
   99.592697      0.16087963       422.77890    
   100.92900      0.15437561       422.72696    
   102.28400      0.15718783       422.67349    
   103.65700      0.15737742       422.61929    
   105.04800      0.15719266       422.56439    
   106.45800      0.15708314       422.50882    
   107.88700      0.15895985       422.45215    
   109.33600      0.15658842       422.39514    
   110.80300      0.15817767       422.33713    
   112.29000      0.15899491       422.27780    
   113.79800      0.15780590       422.21832    
   115.32500      0.16056436       422.15720    
   116.87300      0.16287781       422.09479    
   118.44200      0.15987748       422.03214    
   120.03200      0.16132979       421.96841    
   121.64300      0.16482173       421.90280    
   123.27500      0.16348954       421.83704    
   124.93000      0.16479713       421.76968    
   126.60700      0.16877787       421.70071    
   128.30600      0.17053406       421.63049    
   130.02901      0.16935350       421.55963    
   131.77400      0.17430387       421.48636    
   133.54300      0.17368594       421.41275    
   135.33501      0.17792304       421.33685    
   137.15199      0.18001284       421.25949    
   138.99300      0.18340005       421.18045    
   140.85800      0.19084434       421.09830    
   142.74899      0.19217145       421.01526    
   144.66499      0.20028205       420.92886    
   146.60699      0.20661855       420.83987    
   148.57500      0.21121721       420.74820    
   150.56900      0.21595426       420.65479    
   152.59000      0.22262749       420.55804    
   154.63800      0.22773983       420.45886    
   156.71400      0.23446876       420.35675    
   158.81700      0.24199127       420.25150    
   160.94901      0.24800038       420.14285    
   163.11000      0.25468421       420.03110    
   165.29900      0.26001525       419.91660    
   167.51801      0.26822063       419.79843    
   169.76601      0.27919677       419.67538    
   172.04500      0.28285864       419.54971    
   174.35400      0.29223192       419.41989    
   176.69400      0.29925776       419.28650    
   179.06599      0.30955300       419.14795    
   181.47000      0.31132305       419.00711    
   183.90500      0.31286070       418.86407    
   186.37399      0.31314248       418.71909    
   188.87601      0.31662700       418.57062    
   191.41100      0.31880736       418.41962    
   193.98000      0.32180461       418.26581    
   196.58400      0.33132526       418.10641    
   199.22200      0.33437753       417.94479    
   201.89600      0.35058394       417.77524    
   204.60600      0.37215486       417.59592    
   207.35300      0.38251969       417.41162    
   210.13600      0.39515302       417.22015    
   212.95700      0.40316004       417.02356    
   215.81500      0.41542229       416.81958    
   218.71201      0.42067543       416.61191    
   221.64700      0.43488550       416.39600    
   224.62300      0.44369248       416.17407    
   227.63800      0.45777059       415.94360    
   230.69299      0.46577209       415.70731    
   233.78999      0.46935034       415.46664    
   236.92799      0.47044033       415.22250    
   240.10800      0.47710305       414.97192    
   243.33099      0.47681311       414.71906    
   246.59700      0.49765974       414.45325    
   249.90700      0.50396174       414.18237    
   253.26100      0.52161419       413.90021    
   256.66101      0.52569127       413.61270    
   260.10599      0.52824903       413.32050    
   263.59698      0.54098290       413.01840    
   267.13501      0.54805958       412.70944    
   270.72101      0.55150050       412.39508    
   274.35501      0.56072819       412.07175    
   278.03699      0.56671226       411.74167    
   281.76901      0.58009106       411.40143    
   285.55099      0.59776080       411.04883    
   289.38400      0.62319732       410.67920    
   293.26801      0.64717489       410.29379    
   297.20499      0.67065108       409.89236    
   301.19400      0.69063383       409.47638    
   305.23700      0.71440911       409.04257    
   309.33401      0.72013974       408.60037    
   313.48599      0.71283990       408.15500    
   317.69400      0.68596655       407.71719    
   321.95801      0.68559480       407.27386    
   326.28000      0.72007585       406.80713    
   330.65900      0.76363379       406.31177    
   335.09799      0.80576128       405.78662    
   339.59601      0.83154672       405.24097    
   344.15399      0.83846176       404.68338    
   348.77301      0.80201286       404.13953    
   353.45499      0.79788423       403.58963    
   358.19901      0.81187916       403.02365    
   363.00699      0.80418485       402.45575    
   367.87900      0.81164253       401.87497    
   372.81699      0.81284571       401.28583    
   377.82199      0.81302506       400.68881    
   382.89301      0.82229984       400.07733    
   388.03201      0.81377554       399.46417    
   393.24100      0.82736677       398.83209    
   398.51901      0.79146475       398.21545    
   403.86801      0.76719129       397.60483    
   409.28900      0.74712116       397.00027    
   414.78299      0.75533581       396.37988    
   420.35001      0.73108590       395.76865    
   425.99301      0.72470963       395.15222    
   431.71100      0.72588104       394.52698    
   437.50500      0.74431634       393.88095    
   443.37799      0.77636117       393.20404    
   449.32901      0.81482470       392.48984    
   455.35999      0.84130234       391.74731    
   461.47198      0.86128908       390.98053    
   467.66699      0.87880796       390.19070    
   473.94400      0.89928967       389.37387    
   480.30499      0.90166807       388.54449    
   486.75201      0.90305871       387.70303    
   493.28601      0.90542477       386.84863    
   499.90701      0.93079102       385.96161    
   506.61700      0.97202820       385.03015    
   513.41699       1.0082486       384.05728    
   520.30902       1.0115247       383.06882    
   527.29303      0.99543715       382.08066    
   534.37000      0.97602981       381.09415    
   541.54303      0.95236588       380.11456    
   548.81201      0.94486165       379.12854    
   556.17798      0.95546234       378.11865    
   563.64398      0.95621687       377.09467    
   571.20898      0.93464768       376.07831    
   578.87598      0.98879242       374.99603    
   586.64600       1.0511546       373.84406    
   594.52100       1.1056894       372.62445    
   602.50098       1.0783308       371.41470    
   610.58801       1.0489607       370.21716    
   618.78302       1.0301749       369.02219    
   627.08899      0.96379346       367.87457    
   635.50598      0.89569813       366.77957    
   644.03601      0.86106342       365.70502    
   652.68103      0.85095072       364.62665    
   661.44202      0.87737346       363.50497    
   670.32001      0.91158706       362.33292    
   679.31799      0.95773417       361.09656    
   688.43597       1.0234555       359.77170    
   697.67603       1.0678538       358.38342    
   707.04102       1.1304170       356.90616    
   716.53101       1.1896969       355.34167    
   726.14899       1.2922210       353.64346    
   735.89600       1.4121175       351.78445    
   745.77301       1.4065161       349.90860    
   755.78400       1.3739812       348.04489    
   765.92798       1.3171223       346.22778    
   776.20898       1.2876439       344.42102    
   786.62799       1.2600836       342.62305    
   797.18701       1.2122762       340.86407    
   807.88702       1.1906942       339.10806    
   818.73102       1.1604447       337.36868    
   829.72101       1.1193916       335.66049    
   840.85699       1.0750901       333.98651    
   852.14398       1.0299716       332.35110    
   863.58197      0.99896896       330.73709    
   875.17401      0.96865243       329.14432    
   886.92102       1.2070377       327.20816    
   898.82501       1.5018215       324.84616    
   910.89001       1.4214759       322.57166    
   923.11700       1.3091636       320.42914    
   935.50702       1.2100810       318.40616    
   948.06403       1.1290743       316.47986    
   960.78998       1.0557601       314.64185    
   973.68597      0.99646533       312.87183    
   986.75500      0.93577957       311.17694    
   1000.0000      0.88988322       309.53543    
