  0.20757900       0.0000000       406.21503    
  0.23718600       10.560286       406.17722    
  0.27101600       9.0821733       406.13998    
  0.30967101       9.2210770       406.09683    
  0.35383901       9.6969671       406.04501    
  0.40430799       10.047836       405.98376    
  0.46197501       10.553284       405.91034    
  0.52786702       11.037820       405.82275    
  0.60315698       11.507215       405.71854    
  0.68918502       12.049727       405.59399    
  0.78748399       12.361192       405.44815    
  0.89980400       12.680004       405.27731    
   1.0281399       12.887638       405.07913    
   1.1747900       12.907925       404.85248    
   1.3423500       12.789589       404.59610    
   1.5338100       12.403702       404.31219    
   1.7525800       11.774714       404.00443    
   2.0025499       10.956211       403.67743    
   2.2881801       9.9643459       403.33795    
   2.6145401       8.9314947       402.99063    
   2.9874499       7.9512625       402.63782    
   3.4135599       7.1066194       402.27826    
   3.9004400       6.3957515       401.90939    
   4.4567599       5.8039060       401.52817    
   5.0924301       5.2913036       401.13235    
   5.8187699       4.8594885       400.71860    
   6.6487002       4.4459543       400.28784    
   7.5970101       4.0696573       399.83942    
   8.6805801       3.7342055       399.37161    
   9.9187002       3.4024539       398.88705    
   10.051800       3.2662332       398.83716    
   10.186800       3.1973550       398.78766    
   10.323500       3.1820979       398.73779    
   10.462100       3.1533260       398.68771    
   10.602500       3.1110737       398.63770    
   10.744800       3.0731602       398.58762    
   10.889000       3.0397978       398.53748    
   11.035200       3.0052631       398.48721    
   11.183300       3.0049713       398.43634    
   11.333400       2.9477766       398.38574    
   11.485500       2.9479446       398.33453    
   11.639700       2.8977945       398.28351    
   11.795900       2.8639736       398.23242    
   11.954300       2.8469739       398.18097    
   12.114700       2.8018274       398.12967    
   12.277300       2.7829394       398.07803    
   12.442100       2.7504747       398.02640    
   12.609100       2.7481511       397.97406    
   12.778400       2.7077851       397.92181    
   12.949900       2.6625507       397.86975    
   13.123700       2.6184058       397.81799    
   13.299900       2.6134439       397.76553    
   13.478400       2.6014078       397.71268    
   13.659300       2.5427003       397.66031    
   13.842700       2.5501604       397.60712    
   14.028500       2.5033660       397.55417    
   14.216800       2.4714901       397.50122    
   14.407600       2.4647465       397.44778    
   14.601000       2.4089885       397.39484    
   14.797000       2.3849084       397.34167    
   14.995600       2.3899999       397.28772    
   15.196900       2.3400221       397.23416    
   15.400800       2.3228288       397.18033    
   15.607600       2.2728078       397.12692    
   15.817000       2.2679591       397.07291    
   16.029400       2.2177451       397.01932    
   16.244499       2.1970925       396.96558    
   16.462601       2.1455944       396.91235    
   16.683500       2.1522274       396.85825    
   16.907499       2.0983026       396.80475    
   17.134399       2.0873652       396.75079    
   17.364401       2.0334647       396.69748    
   17.597500       2.0163867       396.64392    
   17.833700       1.9899113       396.59027    
   18.073000       1.9501467       396.53705    
   18.315599       1.9310529       396.48355    
   18.561501       1.9072201       396.42999    
   18.810600       1.8858317       396.37628    
   19.063101       1.8328931       396.32333    
   19.319000       1.8165997       396.27014    
   19.578300       1.7907881       396.21698    
   19.841101       1.7473383       396.16431    
   20.107401       1.7485510       396.11090    
   20.377300       1.7032865       396.05811    
   20.650801       1.6573186       396.00598    
   20.927999       1.6732998       395.95261    
   21.208900       1.6164061       395.90033    
   21.493601       1.5939299       395.84799    
   21.782101       1.5586551       395.79608    
   22.074499       1.5343500       395.74423    
   22.370800       1.5228338       395.69196    
   22.671000       1.4919043       395.64005    
   22.975300       1.4472551       395.58890    
   23.283701       1.4405373       395.53723    
   23.596300       1.4244871       395.48538    
   23.913000       1.3727005       395.43463    
   24.233999       1.3543158       395.38382    
   24.559200       1.3447363       395.33261    
   24.888901       1.3052937       395.28214    
   25.223000       1.2873390       395.23154    
   25.561501       1.2637497       395.18115    
   25.904600       1.2295468       395.13135    
   26.252300       1.2058712       395.08173    
   26.604700       1.1846735       395.03217    
   26.961800       1.1770157       394.98221    
   27.323700       1.1315129       394.93338    
   27.690500       1.1241208       394.88409    
   28.062099       1.0915840       394.83548    
   28.438801       1.0891055       394.78616    
   28.820499       1.0532554       394.73776    
   29.207399       1.0317736       394.68951    
   29.599400       1.0130934       394.64136    
   29.996700      0.99115026       394.59351    
   30.399401      0.97338337       394.54565    
   30.807400      0.94559252       394.49835    
   31.220900      0.91744232       394.45169    
   31.639999      0.90948516       394.40463    
   32.064701      0.88596708       394.35800    
   32.495098      0.87304652       394.31125    
   32.931198      0.84568435       394.26514    
   33.373299      0.82954574       394.21912    
   33.821201      0.81074971       394.17340    
   34.275200      0.79702735       394.12759    
   34.735199      0.77543283       394.08221    
   35.201500      0.76661009       394.03659    
   35.674000      0.73093450       393.99219    
   36.152802      0.73314774       393.94690    
   36.638100      0.70316720       393.90262    
   37.129902      0.69805723       393.85782    
   37.628300      0.67486733       393.81366    
   38.133301      0.65686321       393.76987    
   38.645199      0.64499438       393.72601    
   39.163898      0.62511677       393.68265    
   39.689602      0.60797024       393.63965    
   40.222301      0.60288638       393.59619    
   40.762199      0.58435369       393.55316    
   41.309299      0.57054144       393.51041    
   41.863800      0.55549550       393.46786    
   42.425701      0.55092943       393.42487    
   42.995201      0.52775031       393.38275    
   43.572300      0.51856989       393.34055    
   44.157200      0.50680995       393.29840    
   44.749901      0.49101433       393.25674    
   45.350498      0.48155698       393.21494    
   45.959202      0.47133607       393.17313    
   46.576099      0.45004615       393.13220    
   47.201302      0.44530398       393.09094    
   47.834900      0.43371233       393.04971    
   48.476898      0.42402598       393.00864    
   49.127602      0.40370899       392.96848    
   49.786999      0.40229213       392.92764    
   50.455299      0.39153737       392.88690    
   51.132599      0.37492770       392.84695    
   51.818901      0.37789005       392.80591    
   52.514500      0.35765952       392.76599    
   53.219299      0.35043243       392.72592    
   53.933701      0.34392008       392.68576    
   54.657600      0.33584964       392.64560    
   55.391201      0.32614249       392.60559    
   56.134701      0.32318574       392.56516    
   56.888199      0.30625081       392.52567    
   57.651798      0.30152500       392.48578    
   58.425701      0.29384995       392.44611    
   59.209900      0.28736460       392.40634    
   60.004601      0.27903005       392.36670    
   60.810101      0.27145228       392.32703    
   61.626301      0.26505372       392.28729    
   62.453499      0.25935036       392.24747    
   63.291801      0.24946325       392.20813    
   64.141296      0.24405429       392.16864    
   65.002197      0.24022254       392.12869    
   65.874702      0.23437099       392.08887    
   66.759003      0.22542007       392.04926    
   67.654999      0.21960317       392.00983    
   68.563103      0.22149648       391.96939    
   69.483398      0.20736821       391.92993    
   70.416100      0.20985653       391.88934    
   71.361298      0.20435713       391.84894    
   72.319099      0.19844130       391.80853    
   73.289803      0.19659983       391.76767    
   74.273598      0.19031854       391.72684    
   75.270500      0.18678285       391.68600    
   76.280800      0.18405107       391.64459    
   77.304703      0.18236043       391.60297    
   78.342300      0.17449288       391.56161    
   79.393898      0.17535365       391.51950    
   80.459602      0.17109916       391.47726    
   81.539597      0.16931221       391.43460    
   82.634102      0.16965581       391.39117    
   83.743202      0.16254686       391.34833    
   84.867302      0.16518925       391.30420    
   86.006401      0.15804000       391.26065    
   87.160896      0.15972476       391.21588    
   88.330803      0.15607969       391.17130    
   89.516403      0.15466537       391.12625    
   90.718002      0.15432073       391.08057    
   91.935600      0.15313907       391.03409    
   93.169601      0.15152086       390.98749    
   94.420197      0.14951035       390.94052    
   95.687599      0.14955969       390.89288    
   96.972000      0.14657778       390.84512    
   98.273598      0.14978576       390.79581    
   99.592697      0.14682218       390.74664    
   100.92900      0.15090650       390.69583    
   102.28400      0.14407301       390.64575    
   103.65700      0.14874887       390.59390    
   105.04800      0.14737970       390.54163    
   106.45800      0.14740244       390.48865    
   107.88700      0.14760558       390.43491    
   109.33600      0.14930110       390.38016    
   110.80300      0.14781976       390.32501    
   112.29000      0.15033506       390.26831    
   113.79800      0.14909585       390.21143    
   115.32500      0.15027609       390.15326    
   116.87300      0.15139817       390.09409    
   118.44200      0.15150608       390.03415    
   120.03200      0.15225904       389.97330    
   121.64300      0.15395086       389.91092    
   123.27500      0.15544130       389.84796    
   124.93000      0.15546018       389.78369    
   126.60700      0.15787411       389.71814    
   128.30600      0.16052940       389.65125    
   130.02901      0.16038509       389.58347    
   131.77400      0.16190632       389.51459    
   133.54300      0.16553304       389.44360    
   135.33501      0.16915624       389.37097    
   137.15199      0.16881520       389.29742    
   138.99300      0.17388731       389.22186    
   140.85800      0.17689696       389.14471    
   142.74899      0.18508931       389.06427    
   144.66499      0.18912540       388.98187    
   146.60699      0.19362199       388.89743    
   148.57500      0.19891582       388.81067    
   150.56900      0.20536320       388.72083    
   152.59000      0.20975664       388.62878    
   154.63800      0.21252364       388.53543    
   156.71400      0.22553661       388.43665    
   158.81700      0.22558093       388.33716    
   160.94901      0.23555808       388.23334    
   163.11000      0.24026363       388.12698    
   165.29900      0.24624972       388.01776    
   167.51801      0.25324854       387.90533    
   169.76601      0.26098081       387.78885    
   172.04500      0.26816764       387.66895    
   174.35400      0.27472031       387.54575    
   176.69400      0.28362897       387.41855    
   179.06599      0.29066059       387.28714    
   181.47000      0.29096812       387.15457    
   183.90500      0.29826477       387.01706    
   186.37399      0.29478371       386.87939    
   188.87601      0.29871637       386.73819    
   191.41100      0.29676110       386.59647    
   193.98000      0.30776951       386.44833    
   196.58400      0.30828086       386.29877    
   199.22200      0.31953800       386.14322    
   201.89600      0.32804638       385.98358    
   204.60600      0.35096216       385.81326    
   207.35300      0.35945603       385.63864    
   210.13600      0.37479383       385.45615    
   212.95700      0.38015363       385.26950    
   215.81500      0.38631570       385.07843    
   218.71201      0.40262869       384.87857    
   221.64700      0.40531397       384.67596    
   224.62300      0.42422089       384.46259    
   227.63800      0.42727533       384.24619    
   230.69299      0.43390569       384.02463    
   233.78999      0.44257310       383.79623    
   236.92799      0.44852692       383.56201    
   240.10800      0.44454569       383.32706    
   243.33099      0.45563740       383.08405    
   246.59700      0.46319970       382.83502    
   249.90700      0.47532845       382.57806    
   253.26100      0.49251193       382.31018    
   256.66101      0.49584654       382.03745    
   260.10599      0.49744821       381.76062    
   263.59698      0.50475997       381.47720    
   267.13501      0.51566666       381.18475    
   270.72101      0.52004367       380.88663    
   274.35501      0.52848208       380.58023    
   278.03699      0.52754182       380.27115    
   281.76901      0.54682869       379.94870    
   285.55099      0.56303102       379.61481    
   289.38400      0.58657819       379.26498    
   293.26801      0.60911357       378.90033    
   297.20499      0.63172817       378.52032    
   301.19400      0.65073371       378.12646    
   305.23700      0.67185670       377.71646    
   309.33401      0.67751974       377.29837    
   313.48599      0.66352665       376.88174    
   317.69400      0.63963568       376.47156    
   321.95801      0.64470434       376.05255    
   326.28000      0.67746955       375.61130    
   330.65900      0.72505218       375.13870    
   335.09799      0.74977338       374.64783    
   339.59601      0.78138942       374.13275    
   344.15399      0.78037572       373.61154    
   348.77301      0.76147729       373.09283    
   353.45499      0.74980766       372.57370    
   358.19901      0.75389946       372.04556    
   363.00699      0.75527918       371.50970    
   367.87900      0.76274520       370.96149    
   372.81699      0.75500512       370.41168    
   377.82199      0.77108741       369.84283    
   382.89301      0.76394504       369.27203    
   388.03201      0.77152818       368.68802    
   393.24100      0.76892602       368.09790    
   398.51901      0.74174201       367.51709    
   403.86801      0.71230251       366.94727    
   409.28900      0.70844913       366.37125    
   414.78299      0.70119238       365.79233    
   420.35001      0.68551731       365.21622    
   425.99301      0.67970914       364.63507    
   431.71100      0.67435414       364.05124    
   437.50500      0.69751042       363.44266    
   443.37799      0.73439455       362.79907    
   449.32901      0.75588107       362.13327    
   455.35999      0.78894776       361.43378    
   461.47198      0.80688965       360.71210    
   467.66699      0.82297564       359.96902    
   473.94400      0.83409339       359.20804    
   480.30499      0.84429657       358.42798    
   486.75201      0.84505457       357.63696    
   493.28601      0.84771973       356.83347    
   499.90701      0.87065464       356.00003    
   506.61700      0.90052223       355.13339    
   513.41699      0.94382453       354.21906    
   520.30902      0.95476216       353.28217    
   527.29303      0.93005556       352.35495    
   534.37000      0.91198009       351.42914    
   541.54303      0.88152635       350.51840    
   548.81201      0.89114892       349.58432    
   556.17798      0.88406575       348.64578    
   563.64398      0.88481110       347.69409    
   571.20898      0.88187927       346.73105    
   578.87598      0.91452217       345.72571    
   586.64600      0.99152517       344.63489    
   594.52100       1.0229156       343.50220    
   602.50098       1.0073931       342.36768    
   610.58801      0.97966266       341.24481    
   618.78302      0.97071517       340.11420    
   627.08899      0.89167094       339.04791    
   635.50598      0.83661324       338.02048    
   644.03601      0.80402952       337.01239    
   652.68103      0.79545003       335.99982    
   661.44202      0.81916803       334.94766    
   670.32001      0.85153788       333.84799    
   679.31799      0.89465040       332.68820    
   688.43597      0.94736153       331.45688    
   697.67603       1.0069523       330.14285    
   707.04102       1.0462373       328.77051    
   716.53101       1.1118366       327.30334    
   726.14899       1.2068815       325.71204    
   735.89600       1.3192675       323.96994    
   745.77301       1.3138713       322.21228    
   755.78400       1.2716942       320.48175    
   765.92798       1.2412859       318.76370    
   776.20898       1.2017709       317.07162    
   786.62799       1.1657077       315.40244    
   797.18701       1.1315668       313.75461    
   807.88702       1.1109037       312.11008    
   818.73102       1.0827825       310.48090    
   829.72101       1.0438858       308.88144    
   840.85699      0.99377489       307.32751    
   852.14398      0.96058279       305.79565    
   863.58197      0.93141931       304.28400    
   875.17401      0.90275592       302.79257    
   886.92102       1.1251287       300.98044    
   898.82501       1.3994443       298.77148    
   910.89001       1.3239657       296.64468    
   923.11700       1.2087957       294.65793    
   935.50702       1.1268314       292.76529    
   948.06403       1.0510750       290.96295    
   960.78998      0.98223662       289.24344    
   973.68597      0.92650747       287.58765    
   986.75500      0.86978275       286.00174    
   1000.0000      0.82029092       284.47754    
