  0.20757900       0.0000000       369.77545    
  0.23718600       10.142746       369.73917    
  0.27101600       8.8461742       369.70285    
  0.30967101       9.0944872       369.66031    
  0.35383901       9.3412752       369.61038    
  0.40430799       9.8845396       369.55017    
  0.46197501       10.321049       369.47836    
  0.52786702       10.822848       369.39249    
  0.60315698       11.305395       369.29007    
  0.68918502       11.642581       369.16971    
  0.78748399       12.083471       369.02710    
  0.89980400       12.361284       368.86057    
   1.0281399       12.440123       368.66925    
   1.1747900       12.447805       368.45065    
   1.3423500       12.223964       368.20557    
   1.5338100       11.736503       367.93689    
   1.7525800       11.015397       367.64880    
   2.0025499       10.133001       367.34631    
   2.2881801       9.1483355       367.03442    
   2.6145401       8.1218367       366.71835    
   2.9874499       7.2136660       366.39801    
   3.4135599       6.4272656       366.07242    
   3.9004400       5.7652221       365.73950    
   4.4567599       5.2247653       365.39557    
   5.0924301       4.7439413       365.03967    
   5.8187699       4.3258491       364.66998    
   6.6487002       3.9491322       364.28561    
   7.5970101       3.6315954       363.88339    
   8.6805801       3.3660378       363.45944    
   9.9187002       3.1014605       363.01526    
   10.051800       2.9682477       362.96967    
   10.186800       2.9550734       362.92368    
   10.323500       2.9428282       362.87729    
   10.462100       2.8504434       362.83176    
   10.602500       2.8854475       362.78516    
   10.744800       2.8252079       362.73883    
   10.889000       2.8272619       362.69193    
   11.035200       2.7621644       362.64551    
   11.183300       2.7945538       362.59793    
   11.333400       2.7384465       362.55069    
   11.485500       2.7244358       362.50308    
   11.639700       2.7023814       362.45526    
   11.795900       2.6776588       362.40726    
   11.954300       2.6746271       362.35864    
   12.114700       2.6075459       362.31070    
   12.277300       2.5960374       362.26233    
   12.442100       2.5770073       362.21365    
   12.609100       2.5584638       362.16473    
   12.778400       2.5419714       362.11542    
   12.949900       2.4943578       362.06644    
   13.123700       2.4702222       362.01730    
   13.299900       2.4468150       361.96796    
   13.478400       2.4181695       361.91855    
   13.659300       2.3989081       361.86890    
   13.842700       2.3507538       361.81955    
   14.028500       2.3522768       361.76956    
   14.216800       2.3005238       361.72003    
   14.407600       2.2946708       361.66995    
   14.601000       2.2704949       361.61972    
   14.797000       2.2469385       361.56937    
   14.995600       2.2097447       361.51917    
   15.196900       2.1890528       361.46878    
   15.400800       2.1712575       361.41815    
   15.607600       2.1358168       361.36765    
   15.817000       2.1265192       361.31671    
   16.029400       2.0552640       361.26678    
   16.244499       2.0713735       361.21579    
   16.462601       2.0511270       361.16458    
   16.683500       2.0029938       361.11395    
   16.907499       2.0005734       361.06265    
   17.134399       1.9443482       361.01208    
   17.364401       1.9349267       360.96112    
   17.597500       1.9147389       360.91000    
   17.833700       1.9005016       360.85849    
   18.073000       1.8489801       360.80774    
   18.315599       1.8333856       360.75671    
   18.561501       1.8087695       360.70563    
   18.810600       1.7752045       360.65485    
   19.063101       1.7482353       360.60410    
   19.319000       1.7360857       360.55298    
   19.578300       1.7033840       360.50211    
   19.841101       1.6640383       360.45172    
   20.107401       1.6489377       360.40106    
   20.377300       1.6231319       360.35046    
   20.650801       1.5876359       360.30026    
   20.927999       1.5720284       360.24988    
   21.208900       1.5338895       360.19995    
   21.493601       1.5188469       360.14978    
   21.782101       1.4908099       360.09985    
   22.074499       1.4647670       360.05005    
   22.370800       1.4254837       360.00085    
   22.671000       1.4181241       359.95120    
   22.975300       1.3973205       359.90155    
   23.283701       1.3670491       359.85220    
   23.596300       1.3478663       359.80280    
   23.913000       1.2978851       359.75455    
   24.233999       1.3021649       359.70535    
   24.559200       1.2679169       359.65677    
   24.888901       1.2474890       359.60825    
   25.223000       1.2264409       359.55975    
   25.561501       1.2013611       359.51154    
   25.904600       1.1709969       359.46378    
   26.252300       1.1555032       359.41589    
   26.604700       1.1262072       359.36850    
   26.961800       1.1099430       359.32104    
   27.323700       1.0852561       359.27390    
   27.690500       1.0546093       359.22733    
   28.062099       1.0479206       359.18036    
   28.438801       1.0097984       359.13428    
   28.820499       1.0046748       359.08774    
   29.207399      0.97852075       359.04160    
   29.599400      0.95659137       358.99576    
   29.996700      0.93734682       358.95007    
   30.399401      0.91774321       358.90460    
   30.807400      0.89319992       358.85956    
   31.220900      0.87944913       358.81445    
   31.639999      0.86401093       358.76938    
   32.064701      0.84048623       358.72479    
   32.495098      0.82637233       358.68018    
   32.931198      0.80198276       358.63611    
   33.373299      0.79517549       358.59164    
   33.821201      0.76762474       358.54791    
   34.275200      0.75107771       358.50439    
   34.735199      0.73624128       358.46094    
   35.201500      0.71634960       358.41785    
   35.674000      0.70695156       358.37457    
   36.152802      0.69173002       358.33145    
   36.638100      0.66283458       358.28931    
   37.129902      0.66140008       358.24646    
   37.628300      0.63559479       358.20450    
   38.133301      0.63544375       358.16177    
   38.645199      0.61027938       358.11993    
   39.163898      0.59631866       358.07825    
   39.689602      0.58298516       358.03665    
   40.222301      0.57339472       357.99503    
   40.762199      0.55764037       357.95361    
   41.309299      0.54135537       357.91269    
   41.863800      0.53738153       357.87128    
   42.425701      0.51838702       357.83051    
   42.995201      0.51192236       357.78937    
   43.572300      0.49491739       357.74884    
   44.157200      0.48787615       357.70810    
   44.749901      0.47710952       357.66742    
   45.350498      0.46569091       357.62689    
   45.959202      0.45229647       357.58661    
   46.576099      0.44044405       357.54648    
   47.201302      0.43376973       357.50616    
   47.834900      0.42273742       357.46597    
   48.476898      0.40597379       357.42648    
   49.127602      0.39618894       357.38702    
   49.786999      0.39174661       357.34714    
   50.455299      0.37650788       357.30786    
   51.132599      0.36580166       357.26880    
   51.818901      0.35950214       357.22955    
   52.514500      0.34729257       357.19073    
   53.219299      0.33873916       357.15182    
   53.933701      0.32769743       357.11328    
   54.657600      0.32339758       357.07434    
   55.391201      0.31139761       357.03589    
   56.134701      0.29997733       356.99777    
   56.888199      0.29497147       356.95941    
   57.651798      0.28904575       356.92096    
   58.425701      0.27854177       356.88278    
   59.209900      0.26897326       356.84500    
   60.004601      0.26671514       356.80664    
   60.810101      0.25802356       356.76862    
   61.626301      0.24927673       356.73074    
   62.453499      0.24035832       356.69312    
   63.291801      0.24024662       356.65482    
   64.141296      0.23192737       356.61673    
   65.002197      0.22586304       356.57861    
   65.874702      0.21961211       356.54068    
   66.759003      0.21144053       356.50296    
   67.654999      0.21040513       356.46475    
   68.563103      0.20249486       356.42676    
   69.483398      0.20345032       356.38800    
   70.416100      0.19356503       356.34970    
   71.361298      0.19100580       356.31128    
   72.319099      0.19010569       356.27209    
   73.289803      0.18227272       356.23340    
   74.273598      0.18246496       356.19403    
   75.270500      0.17696577       356.15469    
   76.280800      0.17232482       356.11530    
   77.304703      0.16953231       356.07553    
   78.342300      0.16828759       356.03531    
   79.393898      0.16286337       355.99536    
   80.459602      0.15901589       355.95526    
   81.539597      0.16406593       355.91364    
   82.634102      0.15577275       355.87271    
   83.743202      0.15534835       355.83118    
   84.867302      0.15281723       355.78937    
   86.006401      0.15103108       355.74719    
   87.160896      0.14634000       355.70526    
   88.330803      0.14903520       355.66208    
   89.516403      0.14641075       355.61862    
   90.718002      0.14446135       355.57507    
   91.935600      0.14298621       355.53082    
   93.169601      0.14025071       355.48666    
   94.420197      0.14374411       355.44104    
   95.687599      0.13797694       355.39597    
   96.972000      0.14156486       355.34943    
   98.273598      0.14147532       355.30222    
   99.592697      0.13745055       355.25537    
   100.92900      0.13895732       355.20731    
   102.28400      0.13818085       355.15869    
   103.65700      0.14087062       355.10901    
   105.04800      0.13738158       355.05927    
   106.45800      0.14155748       355.00815    
   107.88700      0.14129765       354.95602    
   109.33600      0.13685934       354.90433    
   110.80300      0.13974410       354.85150    
   112.29000      0.14046283       354.79745    
   113.79800      0.14192285       354.74240    
   115.32500      0.14218041       354.68665    
   116.87300      0.14158225       354.63025    
   118.44200      0.14297052       354.57288    
   120.03200      0.14205445       354.51495    
   121.64300      0.14675689       354.45499    
   123.27500      0.14471033       354.39465    
   124.93000      0.14674570       354.33356    
   126.60700      0.14712393       354.27121    
   128.30600      0.15264694       354.20648    
   130.02901      0.14962299       354.14203    
   131.77400      0.15305090       354.07605    
   133.54300      0.15694337       354.00793    
   135.33501      0.15708391       353.93900    
   137.15199      0.16101936       353.86832    
   138.99300      0.16283575       353.79587    
   140.85800      0.16723046       353.72208    
   142.74899      0.17255934       353.64563    
   144.66499      0.17769992       353.56711    
   146.60699      0.18234949       353.48651    
   148.57500      0.18661445       353.40390    
   150.56900      0.19309308       353.31821    
   152.59000      0.19688579       353.23056    
   154.63800      0.20196033       353.14053    
   156.71400      0.20990536       353.04749    
   158.81700      0.21627358       352.95117    
   160.94901      0.21731743       352.85385    
   163.11000      0.22512798       352.75278    
   165.29900      0.23177829       352.64874    
   167.51801      0.24164230       352.54019    
   169.76601      0.24150462       352.43094    
   172.04500      0.25166848       352.31699    
   174.35400      0.26010871       352.19928    
   176.69400      0.26833040       352.07727    
   179.06599      0.27035668       351.95370    
   181.47000      0.27618402       351.82635    
   183.90500      0.27764007       351.69705    
   186.37399      0.27986717       351.56479    
   188.87601      0.27699715       351.43237    
   191.41100      0.28223288       351.29605    
   193.98000      0.28852138       351.15558    
   196.58400      0.28948927       351.01358    
   199.22200      0.30040282       350.86581    
   201.89600      0.31119138       350.71274    
   204.60600      0.32558799       350.55310    
   207.35300      0.34117383       350.38571    
   210.13600      0.34703133       350.21494    
   212.95700      0.35678202       350.03806    
   215.81500      0.36775237       349.85458    
   218.71201      0.37178034       349.66806    
   221.64700      0.38478065       349.47400    
   224.62300      0.39289328       349.27451    
   227.63800      0.40429711       349.06778    
   230.69299      0.41173410       348.85574    
   233.78999      0.41471478       348.63986    
   236.92799      0.41545165       348.42096    
   240.10800      0.41733354       348.19858    
   243.33099      0.42623112       347.96918    
   246.59700      0.43378645       347.73395    
   249.90700      0.45050773       347.48840    
   253.26100      0.45550060       347.23849    
   256.66101      0.46463835       346.98093    
   260.10599      0.47105816       346.71661    
   263.59698      0.47148803       346.44962    
   267.13501      0.48385602       346.17313    
   270.72101      0.48700678       345.89175    
   274.35501      0.49375549       345.60306    
   278.03699      0.49389723       345.31146    
   281.76901      0.51108193       345.00760    
   285.55099      0.52659881       344.69290    
   289.38400      0.54908556       344.36313    
   293.26801      0.56906301       344.01987    
   297.20499      0.59018862       343.66226    
   301.19400      0.60766995       343.29187    
   305.23700      0.62790287       342.90604    
   309.33401      0.63238525       342.51303    
   313.48599      0.61886561       342.12161    
   317.69400      0.60273010       341.73218    
   321.95801      0.59505594       341.34253    
   326.28000      0.63915372       340.92334    
   330.65900      0.66841483       340.48456    
   335.09799      0.70602739       340.01923    
   339.59601      0.72092581       339.54089    
   344.15399      0.73421204       339.04727    
   348.77301      0.70142668       338.56613    
   353.45499      0.69848561       338.07925    
   358.19901      0.70238000       337.58389    
   363.00699      0.70289177       337.08176    
   367.87900      0.70935464       336.56836    
   372.81699      0.70994264       336.04785    
   377.82199      0.70954448       335.52072    
   382.89301      0.70929772       334.98697    
   388.03201      0.71760392       334.44009    
   393.24100      0.71394622       333.88828    
   398.51901      0.68992108       333.34427    
   403.86801      0.66150630       332.81116    
   409.28900      0.65804243       332.27213    
   414.78299      0.65056479       331.73083    
   420.35001      0.63675666       331.19162    
   425.99301      0.63114870       330.64780    
   431.71100      0.62557471       330.10190    
   437.50500      0.64697069       329.53299    
   443.37799      0.67497468       328.93710    
   449.32901      0.70805967       328.30893    
   455.35999      0.73163962       327.65567    
   461.47198      0.74785513       326.98212    
   467.66699      0.76290292       326.28854    
   473.94400      0.77201545       325.57925    
   480.30499      0.78263330       324.85132    
   486.75201      0.78225672       324.11401    
   493.28601      0.78437823       323.36539    
   499.90701      0.79756528       322.59665    
   506.61700      0.84145206       321.78159    
   513.41699      0.87273473       320.93069    
   520.30902      0.87419587       320.06735    
   527.29303      0.85999072       319.20450    
   534.37000      0.84287196       318.34320    
   541.54303      0.81452864       317.49600    
   548.81201      0.81557560       316.63538    
   556.17798      0.82441711       315.75427    
   563.64398      0.81709629       314.86954    
   571.20898      0.81375694       313.97473    
   578.87598      0.84445077       313.04041    
   586.64600      0.91499138       312.02753    
   594.52100      0.94357568       310.97641    
   602.50098      0.92948425       309.92328    
   610.58801      0.90361315       308.88107    
   618.78302      0.88774806       307.84070    
   627.08899      0.83052498       306.84097    
   635.50598      0.77183706       305.88647    
   644.03601      0.74192333       304.94962    
   652.68103      0.73387200       304.00867    
   661.44202      0.74911571       303.03973    
   670.32001      0.78597695       302.01788    
   679.31799      0.82595664       300.94028    
   688.43597      0.87465703       299.79648    
   697.67603      0.92952228       298.57635    
   707.04102      0.97451544       297.29083    
   716.53101       1.0172861       295.94110    
   726.14899       1.1147407       294.46396    
   735.89600       1.2181207       292.84781    
   745.77301       1.2130910       291.21722    
   755.78400       1.1743722       289.61133    
   765.92798       1.1355413       288.03162    
   776.20898       1.1097105       286.46106    
   786.62799       1.0759789       284.91205    
   797.18701       1.0442717       283.38293    
   807.88702       1.0158774       281.87045    
   818.73102      0.99896902       280.35855    
   829.72101      0.96275592       278.87445    
   840.85699      0.91588259       277.43307    
   852.14398      0.88515860       276.01199    
   863.58197      0.85033727       274.62225    
   875.17401      0.83154947       273.23862    
   886.92102       1.0362809       271.55917    
   898.82501       1.2776819       269.53125    
   910.89001       1.2191550       267.56128    
   923.11700       1.1120508       265.72156    
   935.50702       1.0273373       263.98370    
   948.06403      0.96626616       262.31396    
   960.78998      0.90246969       260.72079    
   973.68597      0.84377825       259.19901    
   986.75500      0.79836667       257.72870    
   1000.0000      0.75183612       256.31607    
