  0.20757900       0.0000000       347.56161    
  0.23718600       9.9252768       347.52606    
  0.27101600       8.5188198       347.49106    
  0.30967101       8.8612947       347.44955    
  0.35383901       9.2421484       347.40024    
  0.40430799       9.6395950       347.34143    
  0.46197501       10.146873       347.27084    
  0.52786702       10.697774       347.18594    
  0.60315698       11.089891       347.08542    
  0.68918502       11.567739       346.96585    
  0.78748399       11.941991       346.82492    
  0.89980400       12.138868       346.66141    
   1.0281399       12.305667       346.47211    
   1.1747900       12.280968       346.25650    
   1.3423500       11.999557       346.01593    
   1.5338100       11.454020       345.75366    
   1.7525800       10.695189       345.47403    
   2.0025499       9.7909422       345.18173    
   2.2881801       8.7570105       344.88327    
   2.6145401       7.7722468       344.58087    
   2.9874499       6.8869963       344.27515    
   3.4135599       6.1371503       343.96442    
   3.9004400       5.5070853       343.64648    
   4.4567599       4.9386668       343.32132    
   5.0924301       4.4400764       342.98801    
   5.8187699       4.0301309       342.64310    
   6.6487002       3.6499836       342.28705    
   7.5970101       3.3361139       341.91638    
   8.6805801       3.0725017       341.52768    
   9.9187002       2.8429015       341.11841    
   10.051800       2.7495956       341.07593    
   10.186800       2.6860836       341.03384    
   10.323500       2.6696463       340.99155    
   10.462100       2.6832073       340.94846    
   10.602500       2.6359746       340.90555    
   10.744800       2.6025939       340.86267    
   10.889000       2.6129401       340.81906    
   11.035200       2.5895290       340.77524    
   11.183300       2.5597904       340.73138    
   11.333400       2.5308325       340.68747    
   11.485500       2.5144732       340.64325    
   11.639700       2.5136490       340.59845    
   11.795900       2.4699094       340.55389    
   11.954300       2.4665103       340.50879    
   12.114700       2.4212925       340.46396    
   12.277300       2.4091353       340.41873    
   12.442100       2.4082282       340.37292    
   12.609100       2.3718610       340.32721    
   12.778400       2.3274782       340.28177    
   12.949900       2.3396807       340.23550    
   13.123700       2.3072202       340.18924    
   13.299900       2.2860327       340.14282    
   13.478400       2.2666731       340.09619    
   13.659300       2.2351844       340.04959    
   13.842700       2.2159433       340.00278    
   14.028500       2.2136631       339.95541    
   14.216800       2.1651185       339.90845    
   14.407600       2.1542909       339.86108    
   14.601000       2.1160214       339.81396    
   14.797000       2.1194806       339.76611    
   14.995600       2.0670969       339.71881    
   15.196900       2.0726275       339.67075    
   15.400800       2.0272648       339.62311    
   15.607600       1.9913534       339.57565    
   15.817000       2.0133672       339.52704    
   16.029400       1.9558353       339.47919    
   16.244499       1.9480488       339.43085    
   16.462601       1.9165106       339.38266    
   16.683500       1.8817416       339.33472    
   16.907499       1.8901969       339.28583    
   17.134399       1.8455985       339.23749    
   17.364401       1.8352691       339.18875    
   17.597500       1.8097762       339.14001    
   17.833700       1.7478509       339.09229    
   18.073000       1.7607285       339.04358    
   18.315599       1.7304103       338.99503    
   18.561501       1.6977506       338.94666    
   18.810600       1.6852553       338.89804    
   19.063101       1.6615375       338.84937    
   19.319000       1.6334301       338.80087    
   19.578300       1.6090275       338.75247    
   19.841101       1.5807384       338.70416    
   20.107401       1.5841408       338.65512    
   20.377300       1.5467942       338.60651    
   20.650801       1.5094782       338.55841    
   20.927999       1.4921262       338.51016    
   21.208900       1.4788786       338.46164    
   21.493601       1.4510008       338.41336    
   21.782101       1.4309989       338.36502    
   22.074499       1.3925415       338.31729    
   22.370800       1.3872390       338.26904    
   22.671000       1.3649337       338.22089    
   22.975300       1.3262273       338.17343    
   23.283701       1.3261294       338.12518    
   23.596300       1.2893709       338.07761    
   23.913000       1.2653565       338.03024    
   24.233999       1.2636536       337.98218    
   24.559200       1.2219836       337.93500    
   24.888901       1.2084317       337.88760    
   25.223000       1.1724806       337.84091    
   25.561501       1.1640801       337.79388    
   25.904600       1.1372182       337.74716    
   26.252300       1.1162456       337.70059    
   26.604700       1.0977049       337.65408    
   26.961800       1.0688341       337.60806    
   27.323700       1.0582136       337.56177    
   27.690500       1.0349495       337.51578    
   28.062099       1.0188117       337.46976    
   28.438801      0.98313481       337.42462    
   28.820499      0.97296238       337.37921    
   29.207399      0.96520752       337.33344    
   29.599400      0.93491036       337.28836    
   29.996700      0.91660333       337.24341    
   30.399401      0.90047556       337.19852    
   30.807400      0.87994391       337.15393    
   31.220900      0.86450100       337.10934    
   31.639999      0.84311736       337.06516    
   32.064701      0.82532597       337.02112    
   32.495098      0.80961752       336.97720    
   32.931198      0.79017156       336.93359    
   33.373299      0.77769911       336.88986    
   33.821201      0.76474977       336.84616    
   34.275200      0.74086666       336.80301    
   34.735199      0.72448379       336.76007    
   35.201500      0.70640796       336.71738    
   35.674000      0.69277984       336.67474    
   36.152802      0.67666900       336.63232    
   36.638100      0.65275145       336.59064    
   37.129902      0.64621353       336.54858    
   37.628300      0.63042736       336.50684    
   38.133301      0.62371403       336.46475    
   38.645199      0.59870774       336.42358    
   39.163898      0.59284306       336.38205    
   39.689602      0.57906598       336.34064    
   40.222301      0.56179148       336.29968    
   40.762199      0.55000800       336.25876    
   41.309299      0.53900164       336.21793    
   41.863800      0.51555187       336.17798    
   42.425701      0.51747030       336.13721    
   42.995201      0.50423449       336.09662    
   43.572300      0.48376054       336.05685    
   44.157200      0.48347291       336.01636    
   44.749901      0.45885941       335.97696    
   45.350498      0.46140277       335.93665    
   45.959202      0.44087270       335.89725    
   46.576099      0.43418181       335.85767    
   47.201302      0.42635489       335.81802    
   47.834900      0.41094953       335.77884    
   48.476898      0.40838075       335.73920    
   49.127602      0.39381418       335.70007    
   49.786999      0.39213720       335.66040    
   50.455299      0.37342489       335.62164    
   51.132599      0.37112519       335.58231    
   51.818901      0.35424846       335.54379    
   52.514500      0.35469753       335.50449    
   53.219299      0.33910459       335.46594    
   53.933701      0.33526799       335.42703    
   54.657600      0.32588798       335.38828    
   55.391201      0.31490830       335.34982    
   56.134701      0.31106195       335.31104    
   56.888199      0.29975665       335.27258    
   57.651798      0.28972033       335.23456    
   58.425701      0.29018930       335.19568    
   59.209900      0.27587003       335.15762    
   60.004601      0.26833552       335.11960    
   60.810101      0.26154059       335.08157    
   61.626301      0.25558752       335.04346    
   62.453499      0.24814196       335.00537    
   63.291801      0.24516216       334.96698    
   64.141296      0.23617180       334.92896    
   65.002197      0.23214532       334.89056    
   65.874702      0.22374460       334.85257    
   66.759003      0.21959527       334.81436    
   67.654999      0.21672879       334.77582    
   68.563103      0.21270469       334.73706    
   69.483398      0.20540926       334.69849    
   70.416100      0.20350559       334.65967    
   71.361298      0.19972505       334.62045    
   72.319099      0.19629018       334.58121    
   73.289803      0.18864033       334.54218    
   74.273598      0.18482102       334.50293    
   75.270500      0.18497443       334.46307    
   76.280800      0.17971745       334.42319    
   77.304703      0.18059970       334.38251    
   78.342300      0.17275539       334.34244    
   79.393898      0.17437401       334.30127    
   80.459602      0.16989084       334.26028    
   81.539597      0.17121996       334.21820    
   82.634102      0.16730276       334.17627    
   83.743202      0.16486895       334.13403    
   84.867302      0.16564748       334.09100    
   86.006401      0.16233580       334.04776    
   87.160896      0.16150939       334.00427    
   88.330803      0.15938181       333.96014    
   89.516403      0.15900989       333.91541    
   90.718002      0.15732141       333.87054    
   91.935600      0.15398514       333.82520    
   93.169601      0.15840816       333.77856    
   94.420197      0.15239348       333.73242    
   95.687599      0.15463984       333.68500    
   96.972000      0.15058811       333.63782    
   98.273598      0.15057722       333.59000    
   99.592697      0.15092227       333.54108    
   100.92900      0.14782284       333.49231    
   102.28400      0.15091553       333.44205    
   103.65700      0.14631036       333.39215    
   105.04800      0.14867575       333.34091    
   106.45800      0.14630650       333.28967    
   107.88700      0.14958808       333.23685    
   109.33600      0.15072303       333.18314    
   110.80300      0.14764421       333.12924    
   112.29000      0.14998867       333.07422    
   113.79800      0.14790034       333.01880    
   115.32500      0.14724022       332.96280    
   116.87300      0.15073268       332.90503    
   118.44200      0.14707416       332.84763    
   120.03200      0.14934345       332.78857    
   121.64300      0.14803581       332.72949    
   123.27500      0.14707746       332.66937    
   124.93000      0.15001363       332.60788    
   126.60700      0.14973469       332.54572    
   128.30600      0.15416279       332.48145    
   130.02901      0.15186509       332.41718    
   131.77400      0.15541235       332.35095    
   133.54300      0.15708897       332.28357    
   135.33501      0.16053315       332.21457    
   137.15199      0.16172807       332.14447    
   138.99300      0.16353521       332.07303    
   140.85800      0.16833520       331.99924    
   142.74899      0.17269553       331.92346    
   144.66499      0.17447390       331.84637    
   146.60699      0.17929928       331.76721    
   148.57500      0.18425888       331.68585    
   150.56900      0.19063905       331.60150    
   152.59000      0.19624862       331.51471    
   154.63800      0.20623596       331.42444    
   156.71400      0.21102189       331.33182    
   158.81700      0.21872288       331.23615    
   160.94901      0.22988053       331.13589    
   163.11000      0.23776089       331.03235    
   165.29900      0.24577911       330.92545    
   167.51801      0.25348067       330.81519    
   169.76601      0.26224104       330.70120    
   172.04500      0.27155787       330.58270    
   174.35400      0.28118956       330.46008    
   176.69400      0.29001257       330.33347    
   179.06599      0.30499274       330.20044    
   181.47000      0.31410843       330.06314    
   183.90500      0.32206249       329.92242    
   186.37399      0.33932462       329.77365    
   188.87601      0.34750739       329.62115    
   191.41100      0.36300150       329.46152    
   193.98000      0.37684220       329.29559    
   196.58400      0.38661206       329.12454    
   199.22200      0.39725026       328.94803    
   201.89600      0.40981719       328.76462    
   204.60600      0.41967207       328.57571    
   207.35300      0.43033466       328.38086    
   210.13600      0.44910482       328.17676    
   212.95700      0.46168032       327.96579    
   215.81500      0.47255412       327.74850    
   218.71201      0.48246101       327.52499    
   221.64700      0.49815273       327.29254    
   224.62300      0.50825161       327.05347    
   227.63800      0.51696730       326.80823    
   230.69299      0.52722871       326.55618    
   233.78999      0.54095042       326.29510    
   236.92799      0.54840934       326.02792    
   240.10800      0.55355614       325.75534    
   243.33099      0.56279451       325.47571    
   246.59700      0.58613610       325.18271    
   249.90700      0.59982109       324.88058    
   253.26100      0.61398900       324.56818    
   256.66101      0.61393768       324.25244    
   260.10599      0.62371659       323.92795    
   263.59698      0.62124872       323.60025    
   267.13501      0.62864161       323.26447    
   270.72101      0.62568986       322.92551    
   274.35501      0.61933821       322.58493    
   278.03699      0.61413646       322.24228    
   281.76901      0.61852920       321.89319    
   285.55099      0.64522481       321.52682    
   289.38400      0.67164212       321.14288    
   293.26801      0.68172181       320.75024    
   297.20499      0.70283604       320.34171    
   301.19400      0.71813780       319.92075    
   305.23700      0.73995328       319.48386    
   309.33401      0.76829153       319.02667    
   313.48599      0.78653061       318.55457    
   317.69400      0.79968232       318.06973    
   321.95801      0.81503093       317.56998    
   326.28000      0.80552673       317.06943    
   330.65900      0.80921423       316.55963    
   335.09799      0.80872023       316.04236    
   339.59601      0.79100865       315.52881    
   344.15399      0.78873831       315.00888    
   348.77301      0.79080564       314.48004    
   353.45499      0.77538615       313.95377    
   358.19901      0.77170593       313.42178    
   363.00699      0.75533277       312.89215    
   367.87900      0.74181187       312.36346    
   372.81699      0.74212265       311.82657    
   377.82199      0.74052179       311.28360    
   382.89301      0.73839891       310.73492    
   388.03201      0.73268867       310.18256    
   393.24100      0.73263538       309.62189    
   398.51901      0.73090941       309.05502    
   403.86801      0.73498023       308.47818    
   409.28900      0.74835640       307.88409    
   414.78299      0.75088245       307.28168    
   420.35001      0.76980758       306.65787    
   425.99301      0.78687066       306.01321    
   431.71100      0.78880334       305.36011    
   437.50500      0.79894549       304.69037    
   443.37799      0.79570007       304.01401    
   449.32901      0.79279661       303.33093    
   455.35999      0.80154532       302.63269    
   461.47198      0.82357609       301.90811    
   467.66699      0.83303630       301.16705    
   473.94400      0.83918113       300.41183    
   480.30499      0.85028881       299.63715    
   486.75201      0.85356343       298.84976    
   493.28601      0.85851973       298.04822    
   499.90701      0.85525101       297.23886    
   506.61700      0.84375501       296.42804    
   513.41699      0.84205663       295.60660    
   520.30902      0.83615488       294.77917    
   527.29303      0.83115351       293.94513    
   534.37000      0.83464742       293.09595    
   541.54303      0.82242763       292.24741    
   548.81201      0.82485843       291.38428    
   556.17798      0.83113021       290.50305    
   563.64398      0.82278806       289.61908    
   571.20898      0.82461703       288.72061    
   578.87598      0.82661384       287.80862    
   586.64600      0.82930934       286.88235    
   594.52100      0.82260358       285.95023    
   602.50098      0.82462680       285.00266    
   610.58801      0.82011157       284.04706    
   618.78302      0.82285142       283.07660    
   627.08899      0.83650935       282.07849    
   635.50598      0.82501656       281.08069    
   644.03601      0.82145071       280.07187    
   652.68103      0.80514705       279.06662    
   661.44202      0.80128014       278.05072    
   670.32001      0.79636228       277.02695    
   679.31799      0.78710169       276.00156    
   688.43597      0.79792756       274.94788    
   697.67603      0.78728855       273.89410    
   707.04102      0.79215819       272.81958    
   716.53101      0.79108685       271.73264    
   726.14899      0.78912824       270.63403    
   735.89600      0.78678060       269.52417    
   745.77301      0.78925365       268.39557    
   755.78400      0.77485824       267.27139    
   765.92798      0.77340764       266.13297    
   776.20898      0.77102822       264.98102    
   786.62799      0.75346208       263.83810    
   797.18701      0.74651986       262.68744    
   807.88702      0.73414385       261.53796    
   818.73102      0.72554809       260.38516    
   829.72101      0.72586918       259.21564    
   840.85699      0.71654940       258.04623    
   852.14398      0.72252488       256.85260    
   863.58197      0.72531414       255.63885    
   875.17401      0.71319783       254.42915    
   886.92102      0.71774399       253.19707    
   898.82501      0.71441239       251.95569    
   910.89001      0.71465498       250.69777    
   923.11700      0.71157980       249.43047    
   935.50702      0.70896220       248.15352    
   948.06403      0.71179885       246.85698    
   960.78998      0.70773250       245.55356    
   973.68597      0.70388246       244.24368    
   986.75500      0.70601249       242.91702    
   1000.0000      0.70232040       241.58574    
