  0.20757900       0.0000000       353.47470    
  0.23718600       9.7947960       353.43961    
  0.27101600       8.5340452       353.40460    
  0.30967101       8.8079939       353.36331    
  0.35383901       9.2188244       353.31406    
  0.40430799       9.6855221       353.25500    
  0.46197501       10.088814       353.18481    
  0.52786702       10.693865       353.09995    
  0.60315698       11.178829       352.99866    
  0.68918502       11.567739       352.87909    
  0.78748399       11.978671       352.73770    
  0.89980400       12.248929       352.57275    
   1.0281399       12.440123       352.38141    
   1.1747900       12.417950       352.16336    
   1.3423500       12.184001       351.91913    
   1.5338100       11.667900       351.65204    
   1.7525800       10.924750       351.36646    
   2.0025499       10.002153       351.06796    
   2.2881801       8.9824276       350.76193    
   2.6145401       7.9971523       350.45093    
   2.9874499       7.0858989       350.13663    
   3.4135599       6.3450665       349.81570    
   3.9004400       5.6869345       349.48779    
   4.4567599       5.0942154       349.15286    
   5.0924301       4.5713463       348.81021    
   5.8187699       4.1272855       348.45752    
   6.6487002       3.7378042       348.09357    
   7.5970101       3.4061823       347.71576    
   8.6805801       3.1200380       347.32162    
   9.9187002       2.8674469       346.90918    
   10.051800       2.7437909       346.86682    
   10.186800       2.6975300       346.82462    
   10.323500       2.7318187       346.78137    
   10.462100       2.6646256       346.73862    
   10.602500       2.6286373       346.69586    
   10.744800       2.6840382       346.65167    
   10.889000       2.5629318       346.60892    
   11.035200       2.6177144       346.56464    
   11.183300       2.5754414       346.52051    
   11.333400       2.5342641       346.47656    
   11.485500       2.5432584       346.43185    
   11.639700       2.4986172       346.38736    
   11.795900       2.4798021       346.34262    
   11.954300       2.4665103       346.29755    
   12.114700       2.4550109       346.25211    
   12.277300       2.4059675       346.20694    
   12.442100       2.4082282       346.16116    
   12.609100       2.3872826       346.11517    
   12.778400       2.3502967       346.06927    
   12.949900       2.3186567       346.02344    
   13.123700       2.3264840       345.97684    
   13.299900       2.2553377       345.93103    
   13.478400       2.2695589       345.88431    
   13.659300       2.2494214       345.83737    
   13.842700       2.1878579       345.79117    
   14.028500       2.2011878       345.74399    
   14.216800       2.1692216       345.69696    
   14.407600       2.1394432       345.64987    
   14.601000       2.1320014       345.60236    
   14.797000       2.0826886       345.55530    
   14.995600       2.0813618       345.50763    
   15.196900       2.0432014       345.46024    
   15.400800       2.0196862       345.41272    
   15.607600       2.0038071       345.36496    
   15.817000       1.9863092       345.31696    
   16.029400       1.9509851       345.26917    
   16.244499       1.9420623       345.22092    
   16.462601       1.9188724       345.17267    
   16.683500       1.8817416       345.12466    
   16.907499       1.8591535       345.07657    
   17.134399       1.8682995       345.02756    
   17.364401       1.8039161       344.97961    
   17.597500       1.8097762       344.93082    
   17.833700       1.7598449       344.88275    
   18.073000       1.7650334       344.83386    
   18.315599       1.7166095       344.78564    
   18.561501       1.7029873       344.73712    
   18.810600       1.6904248       344.68832    
   19.063101       1.6625575       344.63959    
   19.319000       1.6283981       344.59122    
   19.578300       1.6209463       344.54239    
   19.841101       1.5836785       344.49399    
   20.107401       1.5696340       344.44534    
   20.377300       1.5410688       344.39685    
   20.650801       1.5226614       344.34827    
   20.927999       1.4856226       344.30017    
   21.208900       1.4770448       344.25171    
   21.493601       1.4555238       344.20322    
   21.782101       1.4202865       344.15521    
   22.074499       1.4075152       344.10693    
   22.370800       1.3828931       344.05884    
   22.671000       1.3709391       344.01041    
   22.975300       1.3397689       343.96240    
   23.283701       1.3085926       343.91479    
   23.596300       1.3025529       343.86667    
   23.913000       1.2783679       343.81876    
   24.233999       1.2508165       343.77112    
   24.559200       1.2275273       343.72369    
   24.888901       1.2115563       343.67615    
   25.223000       1.1817309       343.62903    
   25.561501       1.1458200       343.58264    
   25.904600       1.1424726       343.53568    
   26.252300       1.1229120       343.48877    
   26.604700       1.0903966       343.44247    
   26.961800       1.0803734       343.39590    
   27.323700       1.0510972       343.34985    
   27.690500       1.0314388       343.30396    
   28.062099       1.0098019       343.25827    
   28.438801      0.99407369       343.21259    
   28.820499      0.98713171       343.16647    
   29.207399      0.95988226       343.12091    
   29.599400      0.93096840       343.07599    
   29.996700      0.92438215       343.03064    
   30.399401      0.90367329       342.98553    
   30.807400      0.89130616       342.94037    
   31.220900      0.86076397       342.89597    
   31.639999      0.85110605       342.85132    
   32.064701      0.83078367       342.80701    
   32.495098      0.80961752       342.76306    
   32.931198      0.81379402       342.71817    
   33.373299      0.77711654       342.67450    
   33.821201      0.76934975       342.63055    
   34.275200      0.74653947       342.58710    
   34.735199      0.73344189       342.54370    
   35.201500      0.72518659       342.50003    
   35.674000      0.70695156       342.45667    
   36.152802      0.68904054       342.41360    
   36.638100      0.67026430       342.37103    
   37.129902      0.66716045       342.32782    
   37.628300      0.64747989       342.28510    
   38.133301      0.62830395       342.24286    
   38.645199      0.61380118       342.20081    
   39.163898      0.60724211       342.15842    
   39.689602      0.59278327       342.11630    
   40.222301      0.57774597       342.07446    
   40.762199      0.56479573       342.03275    
   41.309299      0.55029947       341.99127    
   41.863800      0.54156166       341.94971    
   42.425701      0.53122061       341.90814    
   42.995201      0.52141917       341.86652    
   43.572300      0.50339657       341.82556    
   44.157200      0.49668255       341.78430    
   44.749901      0.48580003       341.74313    
   45.350498      0.46654853       341.70273    
   45.959202      0.46710503       341.66150    
   46.576099      0.45004615       341.62094    
   47.201302      0.43994880       341.58047    
   47.834900      0.42802164       341.54022    
   48.476898      0.42843875       341.49921    
   49.127602      0.40806273       341.45914    
   49.786999      0.40658846       341.41855    
   50.455299      0.39539108       341.37814    
   51.132599      0.37796971       341.33859    
   51.818901      0.37976637       341.29816    
   52.514500      0.37061819       341.25778    
   53.219299      0.35627908       341.21793    
   53.933701      0.35040915       341.17801    
   54.657600      0.34687859       341.13763    
   55.391201      0.33562133       341.09769    
   56.134701      0.32734245       341.05780    
   56.888199      0.31684652       341.01816    
   57.651798      0.31737697       340.97766    
   58.425701      0.30183679       340.93808    
   59.209900      0.29393294       340.89871    
   60.004601      0.28842828       340.85901    
   60.810101      0.28264290       340.81915    
   61.626301      0.27294225       340.77975    
   62.453499      0.27118149       340.73969    
   63.291801      0.25898710       340.70029    
   64.141296      0.25345266       340.66083    
   65.002197      0.24829976       340.62119    
   65.874702      0.24440703       340.58127    
   66.759003      0.23619597       340.54160    
   67.654999      0.23196304       340.50171    
   68.563103      0.22716860       340.46182    
   69.483398      0.22248006       340.42163    
   70.416100      0.21648356       340.38162    
   71.361298      0.21689104       340.34070    
   72.319099      0.20785248       340.30032    
   73.289803      0.20349808       340.25980    
   74.273598      0.19764856       340.21951    
   75.270500      0.19970006       340.17807    
   76.280800      0.19526748       340.13654    
   77.304703      0.19066097       340.09509    
   78.342300      0.18864095       340.05301    
   79.393898      0.18417031       340.01105    
   80.459602      0.18245745       339.96863    
   81.539597      0.17885093       339.92596    
   82.634102      0.17718562       339.88290    
   83.743202      0.17485397       339.83969    
   84.867302      0.17458281       339.79559    
   86.006401      0.17273614       339.75131    
   87.160896      0.17020948       339.70642    
   88.330803      0.16950826       339.66122    
   89.516403      0.16335443       339.61621    
   90.718002      0.16418010       339.57037    
   91.935600      0.16350345       339.52396    
   93.169601      0.16195618       339.47708    
   94.420197      0.15898345       339.42996    
   95.687599      0.15972000       339.38199    
   96.972000      0.15740569       339.33374    
   98.273598      0.15690899       339.28479    
   99.592697      0.15404615       339.23566    
   100.92900      0.15533926       339.18561    
   102.28400      0.14977512       339.13602    
   103.65700      0.15268800       339.08496    
   105.04800      0.15145300       339.03339    
   106.45800      0.15196881       338.98105    
   107.88700      0.15066943       338.92822    
   109.33600      0.15214494       338.87436    
   110.80300      0.15080425       338.82007    
   112.29000      0.15224022       338.76437    
   113.79800      0.15182841       338.70840    
   115.32500      0.15128806       338.65176    
   116.87300      0.15206365       338.59390    
   118.44200      0.15232681       338.53519    
   120.03200      0.14950542       338.47662    
   121.64300      0.15123314       338.41656    
   123.27500      0.15260075       338.35547    
   124.93000      0.15079170       338.29388    
   126.60700      0.15249902       338.23074    
   128.30600      0.15325329       338.16705    
   130.02901      0.15380825       338.10242    
   131.77400      0.15762620       338.03577    
   133.54300      0.16072865       337.96756    
   135.33501      0.16240148       337.89816    
   137.15199      0.16328724       337.82764    
   138.99300      0.16507404       337.75586    
   140.85800      0.17233990       337.68115    
   142.74899      0.17351271       337.60516    
   144.66499      0.17716224       337.52744    
   146.60699      0.18089069       337.44778    
   148.57500      0.18569839       337.36606    
   150.56900      0.19063905       337.28214    
   152.59000      0.19956191       337.19449    
   154.63800      0.20673896       337.10400    
   156.71400      0.21350303       337.01071    
   158.81700      0.22239684       336.91403    
   160.94901      0.23108852       336.81339    
   163.11000      0.23847595       336.71008    
   165.29900      0.24883811       336.60229    
   167.51801      0.25673044       336.49106    
   169.76601      0.26705280       336.37515    
   172.04500      0.27133185       336.25711    
   174.35400      0.28565112       336.13315    
   176.69400      0.29287416       336.00562    
   179.06599      0.30727285       335.87183    
   181.47000      0.31410843       335.73495    
   183.90500      0.32893738       335.59155    
   186.37399      0.33942893       335.44321    
   188.87601      0.35615391       335.28741    
   191.41100      0.36300150       335.12823    
   193.98000      0.37984973       334.96127    
   196.58400      0.39175501       334.78848    
   199.22200      0.40105775       334.61066    
   201.89600      0.41453660       334.42560    
   204.60600      0.42385358       334.23520    
   207.35300      0.43502241       334.03867    
   210.13600      0.44901228       333.83508    
   212.95700      0.46633637       333.62241    
   215.81500      0.47769058       333.40323    
   218.71201      0.48717272       333.17792    
   221.64700      0.49955672       332.94550    
   224.62300      0.51335746       332.70441    
   227.63800      0.52320302       332.45682    
   230.69299      0.54004276       332.19925    
   233.78999      0.54045147       331.93884    
   236.92799      0.55448270       331.66922    
   240.10800      0.55963027       331.39420    
   243.33099      0.56998622       331.11160    
   246.59700      0.59283882       330.81586    
   249.90700      0.60682380       330.51080    
   253.26100      0.61468005       330.19870    
   256.66101      0.62855709       329.87613    
   260.10599      0.63066924       329.54858    
   263.59698      0.62855232       329.21771    
   267.13501      0.62900555       328.88235    
   270.72101      0.63344634       328.53995    
   274.35501      0.62727571       328.19577    
   278.03699      0.62043172       327.85019    
   281.76901      0.63357317       327.49347    
   285.55099      0.64515674       327.12778    
   289.38400      0.68004096       326.73984    
   293.26801      0.68954629       326.34338    
   297.20499      0.71101314       325.93085    
   301.19400      0.72756404       325.50522    
   305.23700      0.74880779       325.06384    
   309.33401      0.77828652       324.60159    
   313.48599      0.78739899       324.12973    
   317.69400      0.81804329       323.63458    
   321.95801      0.81696373       323.13452    
   326.28000      0.82388020       322.62341    
   330.65900      0.81927133       322.10815    
   335.09799      0.81115699       321.59030    
   339.59601      0.80956000       321.06564    
   344.15399      0.79930454       320.53973    
   348.77301      0.79247838       320.01074    
   353.45499      0.78501248       319.47885    
   358.19901      0.78180355       318.94089    
   363.00699      0.76609951       318.40485    
   367.87900      0.75100988       317.87054    
   372.81699      0.75182360       317.32770    
   377.82199      0.74314612       316.78394    
   382.89301      0.75647926       316.22302    
   388.03201      0.74196005       315.66470    
   393.24100      0.74232608       315.09772    
   398.51901      0.73320282       314.53021    
   403.86801      0.75240982       313.94089    
   409.28900      0.75073183       313.34604    
   414.78299      0.76850832       312.73068    
   420.35001      0.77980024       312.09995    
   425.99301      0.79006541       311.45398    
   431.71100      0.79947805       310.79330    
   437.50500      0.81028020       310.11542    
   443.37799      0.80635613       309.43130    
   449.32901      0.80409193       308.73990    
   455.35999      0.82054842       308.02649    
   461.47198      0.83448970       307.29364    
   467.66699      0.84488451       306.54349    
   473.94400      0.85038221       305.77954    
   480.30499      0.85385174       305.00302    
   486.75201      0.86578745       304.20587    
   493.28601      0.87077808       303.39438    
   499.90701      0.86781508       302.57468    
   506.61700      0.86375213       301.74609    
   513.41699      0.84591979       300.92239    
   520.30902      0.84844911       300.08441    
   527.29303      0.84299076       299.24002    
   534.37000      0.84669310       298.38022    
   541.54303      0.84195966       297.51306    
   548.81201      0.82872033       296.64752    
   556.17798      0.84326273       295.75510    
   563.64398      0.83437854       294.86032    
   571.20898      0.83649844       293.95062    
   578.87598      0.83870667       293.02707    
   586.64600      0.84107614       292.08932    
   594.52100      0.83440971       291.14560    
   602.50098      0.83672947       290.18585    
   610.58801      0.83183110       289.21838    
   618.78302      0.83469939       288.23569    
   627.08899      0.84063327       287.23438    
   635.50598      0.84539485       286.21381    
   644.03601      0.83295411       285.19257    
   652.68103      0.81716770       284.17416    
   661.44202      0.80541039       283.15472    
   670.32001      0.80851716       282.11725    
   679.31799      0.79896569       281.07828    
   688.43597      0.81008732       280.01047    
   697.67603      0.79900897       278.94284    
   707.04102      0.79710829       277.86359    
   716.53101      0.80335343       276.76181    
   726.14899      0.80136549       275.64819    
   735.89600      0.79926538       274.52286    
   745.77301      0.80140460       273.37894    
   755.78400      0.78683376       272.23944    
   765.92798      0.78555620       271.08524    
   776.20898      0.77625120       269.92767    
   786.62799      0.77232242       268.75839    
   797.18701      0.75165415       267.60202    
   807.88702      0.74570924       266.43671    
   818.73102      0.73756552       265.26724    
   829.72101      0.73094273       264.09186    
   840.85699      0.73498178       262.89493    
   852.14398      0.73431027       261.68433    
   863.58197      0.73090953       260.46381    
   875.17401      0.72510630       259.23654    
   886.92102      0.72983521       257.98645    
   898.82501      0.72647393       256.72690    
   910.89001      0.72038651       255.46167    
   923.11700      0.72402835       254.17526    
   935.50702      0.72111183       252.87944    
   948.06403      0.71804416       251.57469    
   960.78998      0.72046202       250.25121    
   973.68597      0.71639419       248.92148    
   986.75500      0.71849650       247.57494    
   1000.0000      0.71518302       246.22321    
