  0.20757900       0.0000000       383.70111    
  0.23718600       10.073155       383.66501    
  0.27101600       8.7776575       383.62903    
  0.30967101       9.0278606       383.58676    
  0.35383901       9.3587685       383.53674    
  0.40430799       9.8743334       383.47659    
  0.46197501       10.396972       383.40427    
  0.52786702       10.858026       383.31812    
  0.60315698       11.346443       383.21533    
  0.68918502       11.864117       383.09271    
  0.78748399       12.222332       382.94846    
  0.89980400       12.547012       382.77945    
   1.0281399       12.737128       382.58365    
   1.1747900       12.744599       382.35986    
   1.3423500       12.609756       382.10715    
   1.5338100       12.172335       381.82864    
   1.7525800       11.507483       381.52786    
   2.0025499       10.628576       381.21078    
   2.2881801       9.6740084       380.88129    
   2.6145401       8.6355667       380.54568    
   2.9874499       7.7116127       380.20386    
   3.4135599       6.8999124       379.85513    
   3.9004400       6.1873384       379.49881    
   4.4567599       5.5511394       379.13449    
   5.0924301       4.9850078       378.76157    
   5.8187699       4.5081019       378.37738    
   6.6487002       4.0924997       377.98019    
   7.5970101       3.7258344       377.56854    
   8.6805801       3.4028783       377.14059    
   9.9187002       3.0964682       376.69720    
   10.051800       2.8985887       376.65265    
   10.186800       2.9092879       376.60733    
   10.323500       2.8636997       376.56216    
   10.462100       2.8690250       376.51630    
   10.602500       2.8322511       376.47046    
   10.744800       2.8016796       376.42447    
   10.889000       2.7843976       376.37823    
   11.035200       2.7568796       376.33179    
   11.183300       2.7076044       376.28561    
   11.333400       2.6972668       376.23898    
   11.485500       2.6753316       376.19217    
   11.639700       2.6489351       376.14514    
   11.795900       2.6364386       376.09775    
   11.954300       2.6112165       376.05017    
   12.114700       2.5898840       376.00244    
   12.277300       2.5611913       375.95456    
   12.442100       2.4973059       375.90723    
   12.609100       2.5276203       375.85870    
   12.778400       2.4415703       375.81125    
   12.949900       2.4688287       375.76257    
   13.123700       2.4094670       375.71445    
   13.299900       2.4117353       375.66565    
   13.478400       2.3647850       375.61713    
   13.659300       2.3234529       375.56885    
   13.842700       2.3212640       375.51996    
   14.028500       2.3300986       375.47025    
   14.216800       2.2718015       375.42114    
   14.407600       2.2433782       375.37201    
   14.601000       2.2372034       375.32233    
   14.797000       2.1838665       375.27319    
   14.995600       2.1812153       375.22345    
   15.196900       2.1391563       375.17401    
   15.400800       2.1472588       375.12372    
   15.607600       2.1059277       375.07367    
   15.817000       2.0490348       375.02438    
   16.029400       2.0564766       374.97415    
   16.244499       2.0043232       374.92462    
   16.462601       1.9979889       374.87451    
   16.683500       1.9715149       374.82437    
   16.907499       1.9281389       374.77469    
   17.134399       1.9477533       374.72379    
   17.364401       1.8811787       374.67398    
   17.597500       1.8650197       374.62390    
   17.833700       1.8503450       374.57352    
   18.073000       1.8274553       374.52310    
   18.315599       1.7962296       374.47284    
   18.561501       1.7815384       374.42224    
   18.810600       1.7524588       374.37180    
   19.063101       1.7237560       374.32153    
   19.319000       1.7169635       374.27069    
   19.578300       1.6765670       374.22037    
   19.841101       1.6463984       374.17023    
   20.107401       1.6353980       374.11978    
   20.377300       1.6069101       374.06940    
   20.650801       1.5744526       374.01938    
   20.927999       1.5673829       373.96884    
   21.208900       1.5210537       373.91910    
   21.493601       1.4998500       373.86932    
   21.782101       1.4934880       373.81906    
   22.074499       1.4594822       373.76923    
   22.370800       1.4306989       373.71964    
   22.671000       1.4138346       373.66992    
   22.975300       1.3973205       373.62006    
   23.283701       1.3728948       373.57034    
   23.596300       1.3470424       373.52084    
   23.913000       1.3279738       373.47125    
   24.233999       1.2869209       373.42252    
   24.559200       1.2892996       373.37292    
   24.888901       1.2662364       373.32349    
   25.223000       1.2225865       373.27499    
   25.561501       1.2188604       373.22592    
   25.904600       1.1792539       373.17767    
   26.252300       1.1695765       373.12906    
   26.604700       1.1415547       373.08084    
   26.961800       1.1121067       373.03314    
   27.323700       1.0930842       372.98547    
   27.690500       1.0784819       372.93771    
   28.062099       1.0576236       372.89014    
   28.438801       1.0330436       372.84290    
   28.820499       1.0120968       372.79584    
   29.207399      0.99782485       372.74872    
   29.599400      0.98352832       372.70151    
   29.996700      0.95095974       372.65503    
   30.399401      0.92925495       372.60889    
   30.807400      0.92034310       372.56244    
   31.220900      0.89626580       372.51648    
   31.639999      0.88244641       372.47040    
   32.064701      0.86716837       372.42441    
   32.495098      0.84372556       372.37885    
   32.931198      0.82678634       372.33344    
   33.373299      0.80973917       372.28818    
   33.821201      0.80499977       372.24243    
   34.275200      0.77376890       372.19769    
   34.735199      0.75863642       372.15302    
   35.201500      0.75114530       372.10803    
   35.674000      0.73529506       372.06320    
   36.152802      0.72454149       372.01825    
   36.638100      0.69308406       371.97443    
   37.129902      0.69229680       371.92987    
   37.628300      0.66556597       371.88626    
   38.133301      0.66451299       371.84192    
   38.645199      0.64096946       371.79834    
   39.163898      0.63008195       371.75470    
   39.689602      0.61237937       371.71146    
   40.222301      0.60191941       371.66818    
   40.762199      0.59103203       371.62485    
   41.309299      0.57760262       371.58173    
   41.863800      0.56292689       371.53882    
   42.425701      0.55413783       371.49582    
   42.995201      0.54131716       371.45294    
   43.572300      0.52571028       371.41052    
   44.157200      0.52045995       371.36771    
   44.749901      0.50882989       371.32495    
   45.350498      0.48713157       371.28311    
   45.959202      0.48910636       371.24036    
   46.576099      0.46632797       371.19870    
   47.201302      0.46178147       371.15668    
   47.834900      0.45566216       371.11438    
   48.476898      0.45210719       371.07162    
   49.127602      0.42983136       371.03000    
   49.786999      0.42494547       370.98804    
   50.455299      0.41928411       370.94583    
   51.132599      0.40420705       370.90427    
   51.818901      0.39665321       370.86249    
   52.514500      0.39246282       370.82037    
   53.219299      0.38222349       370.77838    
   53.933701      0.37059733       370.73682    
   54.657600      0.36609033       370.69482    
   55.391201      0.35457903       370.65326    
   56.134701      0.34431577       370.61191    
   56.888199      0.33803800       370.57043    
   57.651798      0.33356622       370.52847    
   58.425701      0.32446623       370.48682    
   59.209900      0.31692210       370.44516    
   60.004601      0.30884510       370.40359    
   60.810101      0.29926893       370.36243    
   61.626301      0.29723883       370.32056    
   62.453499      0.29017353       370.27872    
   63.291801      0.28295031       370.23706    
   64.141296      0.27679697       370.19516    
   65.002197      0.27193311       370.15323    
   65.874702      0.26211768       370.11160    
   66.759003      0.25687402       370.06982    
   67.654999      0.25409582       370.02768    
   68.563103      0.24730465       369.98553    
   69.483398      0.24374859       369.94305    
   70.416100      0.23774534       369.90057    
   71.361298      0.23051485       369.85837    
   72.319099      0.22936372       369.81540    
   73.289803      0.22313152       369.77264    
   74.273598      0.21545000       369.73004    
   75.270500      0.21416733       369.68692    
   76.280800      0.21056259       369.64352    
   77.304703      0.20877124       369.59964    
   78.342300      0.20403008       369.55557    
   79.393898      0.19764021       369.51187    
   80.459602      0.19768237       369.46719    
   81.539597      0.19411288       369.42252    
   82.634102      0.19106869       369.37756    
   83.743202      0.18855435       369.33215    
   84.867302      0.18787128       369.28616    
   86.006401      0.18562353       369.23972    
   87.160896      0.18225576       369.19302    
   88.330803      0.17919445       369.14630    
   89.516403      0.17812584       369.09869    
   90.718002      0.17361082       369.05130    
   91.935600      0.17175266       369.00339    
   93.169601      0.17009573       368.95499    
   94.420197      0.17092781       368.90543    
   95.687599      0.16480015       368.85663    
   96.972000      0.16783255       368.80637    
   98.273598      0.16205354       368.75623    
   99.592697      0.16517496       368.70486    
   100.92900      0.16150658       368.65335    
   102.28400      0.15889847       368.60150    
   103.65700      0.15962836       368.54916    
   105.04800      0.15941447       368.49579    
   106.45800      0.16055359       368.44150    
   107.88700      0.15733781       368.38699    
   109.33600      0.16032095       368.33124    
   110.80300      0.15729989       368.27524    
   112.29000      0.16107327       368.21747    
   113.79800      0.15934297       368.15958    
   115.32500      0.15752847       368.10126    
   116.87300      0.16187958       368.04099    
   118.44200      0.15987748       367.98029    
   120.03200      0.15679441       367.91974    
   121.64300      0.15874682       367.85764    
   123.27500      0.15922871       367.79465    
   124.93000      0.16121797       367.73004    
   126.60700      0.15848841       367.66553    
   128.30600      0.16113575       367.59967    
   130.02901      0.16501877       367.53174    
   131.77400      0.16515329       367.46286    
   133.54300      0.16684332       367.39276    
   135.33501      0.17059343       367.32098    
   137.15199      0.17306747       367.24774    
   138.99300      0.17696497       367.17224    
   140.85800      0.17634459       367.09641    
   142.74899      0.18359116       367.01749    
   144.66499      0.18630263       366.93695    
   146.60699      0.19057178       366.85443    
   148.57500      0.19917756       366.76834    
   150.56900      0.19955103       366.68155    
   152.59000      0.21166815       366.59030    
   154.63800      0.21604474       366.49680    
   156.71400      0.22640501       366.39957    
   158.81700      0.23476581       366.29852    
   160.94901      0.24268523       366.19467    
   163.11000      0.25349244       366.08621    
   165.29900      0.26213300       365.97418    
   167.51801      0.27379164       365.85706    
   169.76601      0.27885306       365.73770    
   172.04500      0.28930011       365.61340    
   174.35400      0.29992810       365.48462    
   176.69400      0.30927336       365.35159    
   179.06599      0.32062784       365.21365    
   181.47000      0.33532041       365.06921    
   183.90500      0.34649479       364.91974    
   186.37399      0.35872653       364.76474    
   188.87601      0.37025595       364.60434    
   191.41100      0.38799402       364.43594    
   193.98000      0.40030086       364.26166    
   196.58400      0.41371152       364.08099    
   199.22200      0.42243841       363.89532    
   201.89600      0.43813360       363.70166    
   204.60600      0.44219524       363.50482    
   207.35300      0.46549273       363.29654    
   210.13600      0.47344327       363.08368    
   212.95700      0.49290332       362.86087    
   215.81500      0.50490481       362.63120    
   218.71201      0.51535404       362.39496    
   221.64700      0.52754873       362.15146    
   224.62300      0.54260808       361.89874    
   227.63800      0.55369824       361.63882    
   230.69299      0.56364745       361.37204    
   233.78999      0.57903731       361.09534    
   236.92799      0.58599859       360.81253    
   240.10800      0.59218764       360.52377    
   243.33099      0.60290849       360.22711    
   246.59700      0.62706232       359.91660    
   249.90700      0.64245981       359.59598    
   253.26100      0.65115392       359.26782    
   256.66101      0.66529483       358.92880    
   260.10599      0.66812360       358.58432    
   263.59698      0.66580808       358.23633    
   267.13501      0.66722196       357.88324    
   270.72101      0.67064875       357.52322    
   274.35501      0.66497886       357.16104    
   278.03699      0.65806329       356.79718    
   281.76901      0.66442031       356.42575    
   285.55099      0.69173551       356.03644    
   289.38400      0.71417403       355.63190    
   293.26801      0.73974210       355.20947    
   297.20499      0.74659973       354.77917    
   301.19400      0.77250010       354.33023    
   305.23700      0.80365449       353.85962    
   309.33401      0.81782627       353.37686    
   313.48599      0.84595460       352.87311    
   317.69400      0.86045718       352.35556    
   321.95801      0.87766522       351.82162    
   326.28000      0.87625909       351.28137    
   330.65900      0.87055665       350.73715    
   335.09799      0.86296755       350.18970    
   339.59601      0.86097699       349.63519    
   344.15399      0.85055357       349.07913    
   348.77301      0.84299445       348.51996    
   353.45499      0.83655453       347.95697    
   358.19901      0.83240008       347.38797    
   363.00699      0.81527299       346.82126    
   367.87900      0.80048865       346.25571    
   372.81699      0.80095422       345.68137    
   377.82199      0.80010933       345.09995    
   382.89301      0.79782027       344.51242    
   388.03201      0.79107326       343.92133    
   393.24100      0.79157060       343.32098    
   398.51901      0.79024488       342.71371    
   403.86801      0.79449123       342.09576    
   409.28900      0.80921495       341.45911    
   414.78299      0.82040167       340.80682    
   420.35001      0.83203059       340.13840    
   425.99301      0.84364623       339.45334    
   431.71100      0.86213011       338.74567    
   437.50500      0.85708612       338.03348    
   443.37799      0.86165392       337.30743    
   449.32901      0.86814231       336.56613    
   455.35999      0.86829096       335.81625    
   461.47198      0.89293432       335.03745    
   467.66699      0.90379322       334.24033    
   473.94400      0.91931218       333.42007    
   480.30499      0.91353106       332.59473    
   486.75201      0.92670774       331.74713    
   493.28601      0.93214881       330.88416    
   499.90701      0.93767595       330.00421    
   506.61700      0.91618210       329.13120    
   513.41699      0.91458571       328.24661    
   520.30902      0.90850008       327.35532    
   527.29303      0.90306216       326.45685    
   534.37000      0.90695804       325.54196    
   541.54303      0.90217143       324.61908    
   548.81201      0.89571947       323.68964    
   556.17798      0.89462489       322.74905    
   563.64398      0.89440084       321.79630    
   571.20898      0.89658630       320.82770    
   578.87598      0.89836478       319.84479    
   586.64600      0.90123588       318.84647    
   594.52100      0.89442158       317.84140    
   602.50098      0.89637136       316.81985    
   610.58801      0.89135224       315.78986    
   618.78302      0.89459914       314.74347    
   627.08899      0.90872484       313.66791    
   635.50598      0.89673847       312.59213    
   644.03601      0.89255434       311.50488    
   652.68103      0.87555808       310.42084    
   661.44202      0.87093562       309.32574    
   670.32001      0.86581045       308.22205    
   679.31799      0.85563803       307.11661    
   688.43597      0.86782157       305.98026    
   697.67603      0.85616165       304.84393    
   707.04102      0.86195499       303.68466    
   716.53101      0.86020857       302.51260    
   726.14899      0.85882968       301.32715    
   735.89600      0.85628593       300.12952    
   745.77301      0.85922611       298.91138    
   755.78400      0.84358561       297.69809    
   765.92798      0.84976453       296.45819    
   776.20898      0.83267736       295.22522    
   786.62799      0.82112944       293.99081    
   797.18701      0.81399727       292.74762    
   807.88702      0.80067194       291.50562    
   818.73102      0.79186970       290.25931    
   829.72101      0.79227060       288.99490    
   840.85699      0.78264689       287.72992    
   852.14398      0.78910720       286.43881    
   863.58197      0.78578234       285.13672    
   875.17401      0.78673714       283.81549    
   886.92102      0.77824384       282.49295    
   898.82501      0.78187060       281.14813    
   910.89001      0.78302741       279.78424    
   923.11700      0.77979416       278.41016    
   935.50702      0.77728713       277.02524    
   948.06403      0.77417994       275.63068    
   960.78998      0.77736026       274.21552    
   973.68597      0.77357072       272.79315    
   986.75500      0.76984161       271.36459    
   1000.0000      0.77361411       269.91782    
