  0.20757900       0.0000000       419.57928    
  0.23718600       10.542889       419.54156    
  0.27101600       9.0364962       419.50446    
  0.30967101       9.3809795       419.46057    
  0.35383901       9.7552776       419.40848    
  0.40430799       10.211133       419.34622    
  0.46197501       10.731926       419.27161    
  0.52786702       11.178529       419.18292    
  0.60315698       11.750085       419.07651    
  0.68918502       12.202407       418.95041    
  0.78748399       12.602233       418.80170    
  0.89980400       12.998723       418.62668    
   1.0281399       13.170596       418.42419    
   1.1747900       13.213500       418.19220    
   1.3423500       13.078549       417.93008    
   1.5338100       12.713088       417.63916    
   1.7525800       12.065492       417.32385    
   2.0025499       11.268393       416.98764    
   2.2881801       10.328620       416.63583    
   2.6145401       9.3126497       416.27383    
   2.9874499       8.3552828       415.90344    
   3.4135599       7.4650331       415.52612    
   3.9004400       6.7110167       415.13956    
   4.4567599       6.0325994       414.74371    
   5.0924301       5.4529600       414.33612    
   5.8187699       4.9555788       413.91431    
   6.6487002       4.5132937       413.47702    
   7.5970101       4.1063209       413.02432    
   8.6805801       3.7541707       412.55359    
   9.9187002       3.4091103       412.06714    
   10.051800       3.2120540       412.01801    
   10.186800       3.2259710       411.96796    
   10.323500       3.1576056       411.91837    
   10.462100       3.1514678       411.86819    
   10.602500       3.0688834       411.81870    
   10.744800       3.0966885       411.76813    
   10.889000       3.0701599       411.71732    
   11.035200       2.9894087       411.66721    
   11.183300       2.9788866       411.61658    
   11.333400       2.9683661       411.56552    
   11.485500       2.9140797       411.51471    
   11.639700       2.8894436       411.46365    
   11.795900       2.9035449       411.41171    
   11.954300       2.8372183       411.36026    
   12.114700       2.8114612       411.30869    
   12.277300       2.8003626       411.25653    
   12.442100       2.7473490       411.20474    
   12.609100       2.7111390       411.15295    
   12.778400       2.6773605       411.10110    
   12.949900       2.6895816       411.04834    
   13.123700       2.6258152       410.99615    
   13.299900       2.6017506       410.94373    
   13.478400       2.5956366       410.89078    
   13.659300       2.5256159       410.83856    
   13.842700       2.5403306       410.78528    
   14.028500       2.4839599       410.73254    
   14.216800       2.4701226       410.67941    
   14.407600       2.4323511       410.62634    
   14.601000       2.4063253       410.57318    
   14.797000       2.4046185       410.51932    
   14.995600       2.3523927       410.46591    
   15.196900       2.2888460       410.41324    
   15.400800       2.3013561       410.35959    
   15.607600       2.2516365       410.30634    
   15.817000       2.2322917       410.25287    
   16.029400       2.2044070       410.19931    
   16.244499       2.1647649       410.14603    
   16.462601       2.1491370       410.09238    
   16.683500       2.1032603       410.03915    
   16.907499       2.0994523       409.98529    
   17.134399       2.0430980       409.93216    
   17.364401       2.0110698       409.87912    
   17.597500       2.0197015       409.82510    
   17.833700       1.9648330       409.77185    
   18.073000       1.9404604       409.71857    
   18.315599       1.9172522       409.66513    
   18.561501       1.8946520       409.61157    
   18.810600       1.8703233       409.55801    
   19.063101       1.8237133       409.50504    
   19.319000       1.8105612       409.45169    
   19.578300       1.7798625       409.39850    
   19.841101       1.7679182       409.34494    
   20.107401       1.7118005       409.29230    
   20.377300       1.7128288       409.23892    
   20.650801       1.6846267       409.18567    
   20.927999       1.6398523       409.13306    
   21.208900       1.6457453       409.07947    
   21.493601       1.5903114       409.02701    
   21.782101       1.5640113       408.97461    
   22.074499       1.5572507       408.92172    
   22.370800       1.5176187       408.86938    
   22.671000       1.5021992       408.81686    
   22.975300       1.4591039       408.76505    
   23.283701       1.4488883       408.71283    
   23.596300       1.4195439       408.66089    
   23.913000       1.4027892       408.60883    
   24.233999       1.3703622       408.55719    
   24.559200       1.3336489       408.50616    
   24.888901       1.3396641       408.45413    
   25.223000       1.3104647       408.40247    
   25.561501       1.2690756       408.35165    
   25.904600       1.2625749       408.30026    
   26.252300       1.2243888       408.24969    
   26.604700       1.1985593       408.19937    
   26.961800       1.2015368       408.14813    
   27.323700       1.1557088       408.09805    
   27.690500       1.1339507       408.04816    
   28.062099       1.1179206       407.99817    
   28.438801       1.0788503       407.94913    
   28.820499       1.0761963       407.89941    
   29.207399       1.0517434       407.85001    
   29.599400       1.0295184       407.80084    
   29.996700       1.0002255       407.75229    
   30.399401      0.98681378       407.70358    
   30.807400      0.95947975       407.65546    
   31.220900      0.94484729       407.60727    
   31.639999      0.92239004       407.55939    
   32.064701      0.90779793       407.51147    
   32.495098      0.88800621       407.46384    
   32.931198      0.86930680       407.41638    
   33.373299      0.85459518       407.36899    
   33.821201      0.83949971       407.32153    
   34.275200      0.81631482       407.27460    
   34.735199      0.80342674       407.22769    
   35.201500      0.78041786       407.18118    
   35.674000      0.76908916       407.13461    
   36.152802      0.76326978       407.08759    
   36.638100      0.73182458       407.04166    
   37.129902      0.71743315       406.99579    
   37.628300      0.72189099       406.94888    
   38.133301      0.69052231       406.90314    
   38.645199      0.67769688       406.85745    
   39.163898      0.66930693       406.81149    
   39.689602      0.65304136       406.76581    
   40.222301      0.63334495       406.72061    
   40.762199      0.62680876       406.67511    
   41.309299      0.59831536       406.63071    
   41.863800      0.60287052       406.58524    
   42.425701      0.57980508       406.54056    
   42.995201      0.56935531       406.49591    
   43.572300      0.56275094       406.45090    
   44.157200      0.54555821       406.40640    
   44.749901      0.54098481       406.36139    
   45.350498      0.52015013       406.31723    
   45.959202      0.50687665       406.27325    
   46.576099      0.50431889       406.22873    
   47.201302      0.48690963       406.18478    
   47.834900      0.47720549       406.14081    
   48.476898      0.46695009       406.09689    
   49.127602      0.45991164       406.05280    
   49.786999      0.44525537       406.00922    
   50.455299      0.44317713       405.96500    
   51.132599      0.43348637       405.92081    
   51.818901      0.41954425       405.87708    
   52.514500      0.41467771       405.83298    
   53.219299      0.40305212       405.78918    
   53.933701      0.39294851       405.74551    
   54.657600      0.38459054       405.70184    
   55.391201      0.38512197       405.65729    
   56.134701      0.36960253       405.61346    
   56.888199      0.36093843       405.56985    
   57.651798      0.35548919       405.52591    
   58.425701      0.35042354       405.48166    
   59.209900      0.34385228       405.43729    
   60.004601      0.33315086       405.39331    
   60.810101      0.32676587       405.34903    
   61.626301      0.31459352       405.30536    
   62.453499      0.31445843       405.26099    
   63.291801      0.30537742       405.21680    
   64.141296      0.29953495       405.17245    
   65.002197      0.29347238       405.12796    
   65.874702      0.29134026       405.08295    
   66.759003      0.28075576       405.03830    
   67.654999      0.27651602       404.99335    
   68.563103      0.26800790       404.94873    
   69.483398      0.26249850       404.90402    
   70.416100      0.26176840       404.85840    
   71.361298      0.25558266       404.81302    
   72.319099      0.24899274       404.76752    
   73.289803      0.24435687       404.72189    
   74.273598      0.23744005       404.67624    
   75.270500      0.23612659       404.63007    
   76.280800      0.22713228       404.58441    
   77.304703      0.22637846       404.53784    
   78.342300      0.21867457       404.49173    
   79.393898      0.21698789       404.44507    
   80.459602      0.21242397       404.39795    
   81.539597      0.20913635       404.35080    
   82.634102      0.20612828       404.30322    
   83.743202      0.20086147       404.25589    
   84.867302      0.20093061       404.20749    
   86.006401      0.19783261       404.15872    
   87.160896      0.19430205       404.10999    
   88.330803      0.19152233       404.06058    
   89.516403      0.18659768       404.01135    
   90.718002      0.18475620       403.96167    
   91.935600      0.18063642       403.91183    
   93.169601      0.18053105       403.86090    
   94.420197      0.18019499       403.80960    
   95.687599      0.17739893       403.75793    
   96.972000      0.17404857       403.70605    
   98.273598      0.17471707       403.65332    
   99.592697      0.17610852       403.59958    
   100.92900      0.17326303       403.54550    
   102.28400      0.17353386       403.49057    
   103.65700      0.16956995       403.43558    
   105.04800      0.17070864       403.37961    
   106.45800      0.17005163       403.32294    
   107.88700      0.16670960       403.26608    
   109.33600      0.16796374       403.20813    
   110.80300      0.16958894       403.14914    
   112.29000      0.16782796       403.08969    
   113.79800      0.16754068       403.02939    
   115.32500      0.16849138       402.96780    
   116.87300      0.16770259       402.90588    
   118.44200      0.17021863       402.84229    
   120.03200      0.16910473       402.77847    
   121.64300      0.17345449       402.71255    
   123.27500      0.17280023       402.64594    
   124.93000      0.17537901       402.57788    
   126.60700      0.17737801       402.50858    
   128.30600      0.17796177       402.43781    
   130.02901      0.17652823       402.36685    
   131.77400      0.17991230       402.29385    
   133.54300      0.18198442       402.21951    
   135.33501      0.18324061       402.14389    
   137.15199      0.18511556       402.06689    
   138.99300      0.18577825       401.98880    
   140.85800      0.19001579       401.90833    
   142.74899      0.18835798       401.82715    
   144.66499      0.18872215       401.74484    
   146.60699      0.19083703       401.66101    
   148.57500      0.19119476       401.57599    
   150.56900      0.19541794       401.48843    
   152.59000      0.19866987       401.39954    
   154.63800      0.20372088       401.30771    
   156.71400      0.20829262       401.21359    
   158.81700      0.21308947       401.11661    
   160.94901      0.21393506       401.01871    
   163.11000      0.21845399       400.91782    
   165.29900      0.22354251       400.81436    
   167.51801      0.22643809       400.70883    
   169.76601      0.23199567       400.59995    
   172.04500      0.23573437       400.48865    
   174.35400      0.23400861       400.37704    
   176.69400      0.24345647       400.26022    
   179.06599      0.24158379       400.14301    
   181.47000      0.25079396       400.02109    
   183.90500      0.25860190       399.89542    
   186.37399      0.26818433       399.76532    
   188.87601      0.27586487       399.63135    
   191.41100      0.28721109       399.49161    
   193.98000      0.29593992       399.34744    
   196.58400      0.30264336       399.19934    
   199.22200      0.31260636       399.04633    
   201.89600      0.32708326       398.88608    
   204.60600      0.33832258       398.72015    
   207.35300      0.35495579       398.54672    
   210.13600      0.37581179       398.36420    
   212.95700      0.40270355       398.16968    
   215.81500      0.42299181       397.96579    
   218.71201      0.44378945       397.75214    
   221.64700      0.46200001       397.52948    
   224.62300      0.48350105       397.29559    
   227.63800      0.49296400       397.05530    
   230.69299      0.50337106       396.80823    
   233.78999      0.52124166       396.55057    
   236.92799      0.53429282       396.28479    
   240.10800      0.55298924       396.00858    
   243.33099      0.57430130       395.72058    
   246.59700      0.60592890       395.41589    
   249.90700      0.62456399       395.09998    
   253.26100      0.63587332       394.77548    
   256.66101      0.65037251       394.44003    
   260.10599      0.64906001       394.10172    
   263.59698      0.66920167       393.74902    
   267.13501      0.66336393       393.39499    
   270.72101      0.67064875       393.03241    
   274.35501      0.66866416       392.66595    
   278.03699      0.67016417       392.29419    
   281.76901      0.67787707       391.91415    
   285.55099      0.69466370       391.52075    
   289.38400      0.69999671       391.11981    
   293.26801      0.70758229       390.70929    
   297.20499      0.69864941       390.29843    
   301.19400      0.71981645       389.87140    
   305.23700      0.75638819       389.42032    
   309.33401      0.77218896       388.95670    
   313.48599      0.79378802       388.47543    
   317.69400      0.79809099       387.98572    
   321.95801      0.81581616       387.47977    
   326.28000      0.81810004       386.96695    
   330.65900      0.83579791       386.43735    
   335.09799      0.85478693       385.88977    
   339.59601      0.85582381       385.33551    
   344.15399      0.87451124       384.76294    
   348.77301      0.88380879       384.17783    
   353.45499      0.90393877       383.57275    
   358.19901      0.89249706       382.96732    
   363.00699      0.89069378       382.35275    
   367.87900      0.85535938       381.75171    
   372.81699      0.81508839       381.16623    
   377.82199      0.79259652       380.58521    
   382.89301      0.76059306       380.01590    
   388.03201      0.74531776       379.44727    
   393.24100      0.74529260       378.87234    
   398.51901      0.75511205       378.28262    
   403.86801      0.75708020       377.68271    
   409.28900      0.74094504       377.08646    
   414.78299      0.73578793       376.48450    
   420.35001      0.71128553       375.89078    
   425.99301      0.68751347       375.30508    
   431.71100      0.67930865       374.71732    
   437.50500      0.69457674       374.11014    
   443.37799      0.71053886       373.48380    
   449.32901      0.72948194       372.83600    
   455.35999      0.75551093       372.15979    
   461.47198      0.76428872       371.46964    
   467.66699      0.78618371       370.75296    
   473.94400      0.80594701       370.01083    
   480.30499      0.74627507       369.30527    
   486.75201      0.67987067       368.63953    
   493.28601      0.65935069       367.98224    
   499.90701      0.68826181       367.29083    
   506.61700      0.70615494       366.57761    
   513.41699      0.75199181       365.81668    
   520.30902      0.79908544       365.00885    
   527.29303      0.85504931       364.14273    
   534.37000      0.90346444       363.22333    
   541.54303      0.91811299       362.28088    
   548.81201      0.90301818       361.33746    
   556.17798      0.84539551       360.43176    
   563.64398      0.80112487       359.55307    
   571.20898      0.78264058       358.67776    
   578.87598      0.77377474       357.79898    
   586.64600      0.79046237       356.89331    
   594.52100      0.82711673       355.94171    
   602.50098      0.89843684       354.91068    
   610.58801       1.0028150       353.76498    
   618.78302       1.0572021       352.55200    
   627.08899       1.0695586       351.30933    
   635.50598       1.0459960       350.07578    
   644.03601       1.0380827       348.83237    
   652.68103       1.0312459       347.57983    
   661.44202       1.0521661       346.28964    
   670.32001       1.1037154       344.92728    
   679.31799       1.1298406       343.51984    
   688.43597       1.1302809       342.09409    
   697.67603       1.1415210       340.63611    
   707.04102       1.1361097       339.16751    
   716.53101       1.1332217       337.68164    
   726.14899       1.1034675       336.21051    
   735.89600       1.0814087       334.74393    
   745.77301       1.0575532       333.28665    
   755.78400       1.0390527       331.83264    
   765.92798       1.0194128       330.38397    
   776.20898      0.99948841       328.94113    
   786.62799      0.98911750       327.49081    
   797.18701      0.97087950       326.04507    
   807.88702      0.97286516       324.57941    
   818.73102      0.98293781       323.08344    
   829.72101      0.98295641       321.56729    
   840.85699      0.96833503       320.05231    
   852.14398      0.95125031       318.54175    
   863.58197      0.92588025       317.04724    
   875.17401      0.87905008       315.59531    
   886.92102      0.78613657       314.25159    
   898.82501      0.72856170       312.97083    
   910.89001      0.71555156       311.69366    
   923.11700      0.70476574       310.41495    
   935.50702      0.69094038       309.14206    
   948.06403      0.68722790       307.86121    
   960.78998      0.69036853       306.56055    
   973.68597      0.68380177       305.25723    
   986.75500      0.67717212       303.95215    
   1000.0000      0.67288125       302.64023    
