  0.20800000       280.52435       0.0000000    
  0.23700000       280.39929      -36.400993    
  0.27100000       280.33551      -15.841785    
  0.31000000       280.27722      -12.609156    
  0.35400000       280.21793      -11.365175    
  0.40400001       280.15384      -10.808345    
  0.46200001       280.08142      -10.553293    
  0.52800000       280.00092      -10.283195    
  0.60299999       279.91449      -9.7262754    
  0.68900001       279.81982      -9.2882614    
  0.78700000       279.71329      -9.1799860    
  0.89999998       279.59024      -9.1902542    
   1.0280000       279.44766      -9.3974295    
   1.1750000       279.28336      -9.4335976    
   1.3420000       279.09402      -9.5668669    
   1.5340000       278.87579      -9.5924978    
   1.7530000       278.63495      -9.2815819    
   2.0030000       278.37485      -8.7793751    
   2.2880001       278.09210      -8.3713446    
   2.6150000       277.79178      -7.7503424    
   2.9870000       277.47461      -7.1956315    
   3.4140000       277.13892      -6.6353297    
   3.9000001       276.78653      -6.1177416    
   4.4569998       276.41742      -5.5935278    
   5.0920000       276.03342      -5.1037335    
   5.8189998       275.64136      -4.5507989    
   6.6490002       275.24640      -4.0158048    
   7.5970001       274.84894      -3.5375400    
   8.6809998       274.44366      -3.1551075    
   9.9189997       274.03003      -2.8201952    
   10.050000       273.98819      -2.6527159    
   10.190000       273.94675      -2.5891168    
   10.320000       273.90521      -2.5787637    
   10.460000       273.86359      -2.5260735    
   10.600000       273.82184      -2.5174959    
   10.750000       273.77994      -2.4717116    
   10.890000       273.73804      -2.4552996    
   11.040000       273.69614      -2.4214988    
   11.180000       273.65396      -2.4065135    
   11.330000       273.61203      -2.3591452    
   11.490000       273.56967      -2.3380632    
   11.640000       273.52710      -2.3349621    
   11.800000       273.48462      -2.2938166    
   11.950000       273.44202      -2.2781606    
   12.120000       273.39844      -2.2813225    
   12.280000       273.35516      -2.2574043    
   12.440000       273.31149      -2.2291231    
   12.610000       273.26761      -2.2203476    
   12.780000       273.22357      -2.2009366    
   12.950000       273.17920      -2.1723189    
   13.120000       273.13495      -2.1483893    
   13.300000       273.09079      -2.1186743    
   13.480000       273.04626      -2.1089971    
   13.660000       273.00150      -2.0874588    
   13.840000       272.95575      -2.0982940    
   14.030000       272.91010      -2.0840580    
   14.220000       272.86520      -2.0049787    
   14.410000       272.82007      -1.9923837    
   14.600000       272.77545      -1.9527406    
   14.800000       272.73053      -1.9346310    
   15.000000       272.68448      -1.9481776    
   15.200000       272.63708      -1.9946746    
   15.400000       272.59015      -1.9411230    
   15.610000       272.54373      -1.8898802    
   15.820000       272.49786      -1.8547679    
   16.030001       272.45236      -1.8100582    
   16.240000       272.40799      -1.7419945    
   16.459999       272.36334      -1.7208481    
   16.680000       272.31918      -1.6863557    
   16.910000       272.27612      -1.6281872    
   17.129999       272.23267      -1.6153630    
   17.360001       272.18973      -1.5745836    
   17.600000       272.14761      -1.5248270    
   17.830000       272.10641      -1.4701655    
   18.070000       272.06442      -1.4805822    
   18.320000       272.02209      -1.4714403    
   18.559999       271.97940      -1.4632678    
   18.809999       271.93790      -1.4064337    
   19.059999       271.89661      -1.3838699    
   19.320000       271.85574      -1.3477793    
   19.580000       271.81509      -1.3259033    
   19.840000       271.77490      -1.2877158    
   20.110001       271.73456      -1.2791734    
   20.379999       271.69510      -1.2330627    
   20.650000       271.65564      -1.2143199    
   20.930000       271.61673      -1.1885005    
   21.209999       271.57828      -1.1530664    
   21.490000       271.54089      -1.1069281    
   21.780001       271.50439      -1.0714819    
   22.070000       271.46817      -1.0456039    
   22.370001       271.43240      -1.0163891    
   22.670000       271.39709     -0.99390954    
   22.980000       271.36124     -0.99503762    
   23.280001       271.32574     -0.96844327    
   23.600000       271.28979     -0.97371799    
   23.910000       271.25418     -0.94647467    
   24.230000       271.21915     -0.92248082    
   24.559999       271.18457     -0.89832103    
   24.889999       271.14999     -0.88282049    
   25.219999       271.11554     -0.87118977    
   25.559999       271.08121     -0.85340172    
   25.910000       271.04733     -0.83473623    
   26.250000       271.01389     -0.81275147    
   26.610001       270.98065     -0.79556972    
   26.959999       270.94861     -0.75545830    
   27.320000       270.91769     -0.72107422    
   27.690001       270.88779     -0.68950284    
   28.059999       270.85846     -0.66522378    
   28.440001       270.82846     -0.67261815    
   28.820000       270.79773     -0.68130547    
   29.209999       270.76770     -0.65299416    
   29.600000       270.73898     -0.61963719    
   30.000000       270.71167     -0.57818961    
   30.400000       270.68451     -0.57183170    
   30.809999       270.65759     -0.55571026    
   31.219999       270.63141     -0.53342527    
   31.639999       270.60522     -0.52867723    
   32.070000       270.57870     -0.52539456    
   32.500000       270.55270     -0.50968158    
   32.930000       270.52744     -0.49011424    
   33.369999       270.50336     -0.46042246    
   33.820000       270.47867     -0.46503565    
   34.279999       270.45355     -0.46630239    
   34.740002       270.42822     -0.46435812    
   35.200001       270.40317     -0.45486966    
   35.669998       270.37845     -0.43974191    
   36.150002       270.35455     -0.42171091    
   36.639999       270.33075     -0.41289091    
   37.130001       270.30777     -0.39514634    
   37.630001       270.28455     -0.39230007    
   38.130001       270.26257     -0.36816344    
   38.650002       270.24161     -0.34569505    
   39.160000       270.22137     -0.32802439    
   39.689999       270.20242     -0.30412859    
   40.220001       270.18506     -0.27599272    
   40.759998       270.16806     -0.26624921    
   41.310001       270.15128     -0.25811824    
   41.860001       270.13531     -0.24309012    
   42.430000       270.11975     -0.23304531    
   43.000000       270.10397     -0.23526463    
   43.570000       270.08759     -0.23901756    
   44.160000       270.07080     -0.24220417    
   44.750000       270.05374     -0.24266523    
   45.349998       270.03641     -0.24434474    
   45.959999       270.01965     -0.23244360    
   46.580002       270.00342     -0.22155647    
   47.200001       269.98785     -0.21051946    
   47.840000       269.97266     -0.20162746    
   48.480000       269.95706     -0.20522340    
   49.130001       269.94016     -0.21937330    
   49.790001       269.92343     -0.21398813    
   50.459999       269.90796     -0.19561197    
   51.130001       269.89352     -0.17864974    
   51.820000       269.87933     -0.17494252    
   52.509998       269.86563     -0.16624136    
   53.220001       269.85275     -0.15491758    
   53.930000       269.84024     -0.14667487    
   54.660000       269.82858     -0.13681805    
   55.389999       269.81848     -0.11569463    
   56.139999       269.80902     -0.10798580    
   56.889999       269.79932     -0.10792547    
   57.650002       269.79016     -0.10199452    
   58.430000       269.78006     -0.10940253    
   59.209999       269.76947     -0.11411813    
   60.009998       269.76019     -9.84184742E-02
   60.810001       269.75293     -7.60930553E-02
   61.630001       269.74625     -6.94150776E-02
   62.450001       269.73990     -6.53725639E-02
   63.290001       269.73483     -5.07020801E-02
   64.139999       269.73050     -4.32426222E-02
   65.000000       269.72614     -4.20725122E-02
   65.879997       269.72128     -4.74543832E-02
   66.760002       269.71613     -4.89642359E-02
   67.660004       269.71143     -4.45283502E-02
   68.559998       269.70746     -3.69122401E-02
   69.480003       269.70444     -2.76679248E-02
   70.419998       269.70255     -1.68928318E-02
   71.360001       269.70114     -1.21563636E-02
   72.320000       269.69894     -1.96988583E-02
   73.290001       269.69672     -1.96096189E-02
   74.269997       269.69595     -6.41429424E-03
   75.269997       269.69598      1.16541982E-04
   76.279999       269.69531     -5.28793456E-03
   77.309998       269.69516     -1.30980881E-03
   78.339996       269.69720      1.68543905E-02
   79.389999       269.70047      2.60054842E-02
   80.459999       269.70505      3.58151980E-02
   81.540001       269.71259      5.91802597E-02
   82.629997       269.72281      7.87065402E-02
   83.739998       269.73514      9.39831808E-02
   84.870003       269.74915      0.10463563    
   86.010002       269.76343      0.10631683    
   87.160004       269.77753      0.10312815    
   88.330002       269.79285      0.11011814    
   89.519997       269.81018      0.12398459    
   90.720001       269.82922      0.13314553    
   91.940002       269.85049      0.14758196    
   93.169998       269.87280      0.15276670    
   94.419998       269.89581      0.15504220    
   95.690002       269.91904      0.15475622    
   96.970001       269.94260      0.15483235    
   98.269997       269.96689      0.15752861    
   99.589996       269.99149      0.15721586    
   100.90000       270.01581      0.15386930    
   102.30000       270.04089      0.15594527    
   103.70000       270.06610      0.15504849    
   105.00000       270.08990      0.14448908    
   106.50000       270.11243      0.13452944    
   107.90000       270.13577      0.13845052    
   109.30000       270.15906      0.13560943    
   110.80000       270.17899      0.11467569    
   112.30000       270.19540      9.26981345E-02
   113.80000       270.21030      8.35603625E-02
   115.30000       270.22318      7.10315183E-02
   116.90000       270.23169      4.66311723E-02
   118.40000       270.23529      1.92793496E-02
   120.00000       270.23367     -8.68420396E-03
   121.60000       270.22754     -3.19325887E-02
   123.30000       270.21808     -4.88473028E-02
   124.90000       270.20514     -6.61385804E-02
   126.60000       270.18808     -8.61490965E-02
   128.30000       270.16690     -0.10511087    
   130.00000       270.14072     -0.12813094    
   131.80000       270.11023     -0.14753035    
   133.50000       270.07605     -0.16279455    
   135.30000       270.03580     -0.18960270    
   137.20000       269.98962     -0.21449932    
   139.00000       269.93756     -0.23861721    
   140.89999       269.88019     -0.25953206    
   142.70000       269.81897     -0.27357474    
   144.70000       269.75247     -0.29296419    
   146.60001       269.68076     -0.31142771    
   148.60001       269.60123     -0.34121463    
   150.60001       269.51395     -0.36903933    
   152.60001       269.41614     -0.40845221    
   154.60001       269.31024     -0.43658903    
   156.70000       269.19070     -0.48582560    
   158.80000       269.06314     -0.51170105    
   160.89999       268.92783     -0.53593272    
   163.10001       268.78174     -0.57050073    
   165.30000       268.62497     -0.60417587    
   167.50000       268.45746     -0.63690817    
   169.80000       268.27853     -0.67176849    
   172.00000       268.09186     -0.69142741    
   174.39999       267.89316     -0.72628301    
   176.70000       267.68399     -0.75421983    
   179.10001       267.46432     -0.78168440    
   181.50000       267.22501     -0.84013623    
   183.89999       266.97244     -0.87533218    
   186.39999       266.69363     -0.95289183    
   188.89999       266.39630      -1.0026587    
   191.39999       266.07339      -1.0750415    
   194.00000       265.73010      -1.1277434    
   196.60001       265.36868      -1.1713023    
   199.20000       264.98688      -1.2213842    
   201.89999       264.57516      -1.2995492    
   204.60001       264.13293      -1.3770385    
   207.39999       263.65582      -1.4657558    
   210.10001       263.13547      -1.5779403    
   213.00000       262.56250      -1.7141352    
   215.80000       261.94742      -1.8161812    
   218.70000       261.29077      -1.9126562    
   221.60001       260.61304      -1.9487851    
   224.60001       259.90103      -2.0189531    
   227.60001       259.16794      -2.0520351    
   230.70000       258.41150      -2.0895367    
   233.80000       257.64435      -2.0905366    
   236.89999       256.84415      -2.1519909    
   240.10001       256.00919      -2.2157063    
   243.30000       255.14984      -2.2501483    
   246.60001       254.24669      -2.3337660    
   249.89999       253.32158      -2.3585505    
   253.30000       252.38567      -2.3548694    
   256.70001       251.43152      -2.3683410    
   260.10001       250.47260      -2.3489017    
   263.60001       249.51033      -2.3262379    
   267.10001       248.53682      -2.3221536    
   270.70001       247.56569      -2.2852907    
   274.39999       246.59364      -2.2573707    
   278.00000       245.61354      -2.2463596    
   281.79999       244.61034      -2.2685182    
   285.60001       243.59203      -2.2723758    
   289.39999       242.56268      -2.2662344    
   293.29999       241.51698      -2.2720544    
   297.20001       240.47386      -2.2359674    
   301.20001       239.37764      -2.3193269    
   305.20001       238.24063      -2.3732278    
   309.29999       237.05040      -2.4517474    
   313.50000       235.84132      -2.4573238    
   317.70001       234.62106      -2.4473710    
   322.00000       233.37041      -2.4751055    
   326.29999       232.09824      -2.4840376    
   330.70001       230.80800      -2.4866312    
   335.10001       229.49458      -2.4968281    
   339.60001       228.14465      -2.5328281    
   344.20001       226.77100      -2.5432529    
   348.79999       225.37938      -2.5426345    
   353.50000       223.96761      -2.5445712    
   358.20001       222.56943      -2.4872012    
   363.00000       221.20871      -2.3883018    
   367.89999       219.88799      -2.2878249    
   372.79999       218.60847      -2.1866553    
   377.79999       217.36429      -2.0979056    
   382.89999       216.14680      -2.0261731    
   388.00000       214.92291      -2.0097427    
   393.20001       213.65930      -2.0472827    
   398.50000       212.35687      -2.0824285    
   403.89999       211.05899      -2.0476778    
   409.29999       209.78023      -1.9906346    
   414.79999       208.49844      -1.9688666    
   420.39999       207.24272      -1.9036392    
   426.00000       206.00177      -1.8557771    
   431.70001       204.73093      -1.8756342    
   437.50000       203.41258      -1.9202272    
   443.39999       202.03162      -1.9843261    
   449.29999       200.57680      -2.0630460    
   455.39999       199.05432      -2.1304679    
   461.50000       197.50615      -2.1376333    
   467.70001       195.93050      -2.1464343    
   473.89999       194.33920      -2.1393697    
   480.29999       192.85838      -1.9645450    
   486.79999       191.48189      -1.8018988    
   493.29999       190.09195      -1.7951136    
   499.89999       188.62053      -1.8755474    
   506.60001       187.04163      -1.9857922    
   513.40002       185.33994      -2.1118221    
   520.29999       183.49489      -2.2592912    
   527.29999       181.53827      -2.3642325    
   534.40002       179.49835      -2.4325399    
   541.50000       177.40858      -2.4586248    
   548.79999       175.40784      -2.3227880    
   556.20001       173.55470      -2.1231401    
   563.59998       171.78894      -1.9958878    
   571.20001       170.04144      -1.9494104    
   578.90002       168.28076      -1.9379699    
   586.59998       166.44865      -1.9898430    
   594.50000       164.48442      -2.1050069    
   602.50000       162.26614      -2.3458686    
   610.59998       159.78581      -2.5883336    
   618.79999       157.19249      -2.6705289    
   627.09998       154.63290      -2.6006842    
   635.50000       152.12048      -2.5189700    
   644.00000       149.67088      -2.4234672    
   652.70001       147.23138      -2.3813655    
   661.40002       144.70700      -2.4317045    
   670.29999       142.01259      -2.5611894    
   679.29999       139.25201      -2.5890961    
   688.40002       136.51768      -2.5307672    
   697.70001       133.76160      -2.5171573    
   707.00000       130.98901      -2.4984977    
   716.50000       128.25513      -2.4311769    
   726.09998       125.60016      -2.3295264    
   735.90002       123.00426      -2.2475810    
   745.79999       120.40741      -2.2187970    
   755.79999       117.80703      -2.1920617    
   765.90002       115.18073      -2.1849113    
   776.20001       112.53841      -2.1689057    
   786.59998       109.93246      -2.1107395    
   797.20001       107.33070      -2.0793943    
   807.90002       104.64398      -2.1190660    
   818.70001       101.85047      -2.1739533    
   829.70001       99.028954      -2.1666138    
   840.90002       96.245178      -2.1096022    
   852.09998       93.532814      -2.0279944    
   863.59998       90.969650      -1.8911374    
   875.20001       88.894577      -1.5106676    
   886.90002       87.131554      -1.2665666    
   898.79999       85.244263      -1.3379546    
   910.90002       83.164139      -1.4549829    
   923.09998       80.984802      -1.5041833    
   935.50000       78.637451      -1.5988302    
   948.09998       76.128166      -1.6864009    
   960.79999       73.395813      -1.8119279    
   973.70001       70.453346      -1.9255432    
   986.79999       67.195763      -2.1035297    
  1000.00000       63.278111      -2.4961474    
