  0.20800000       282.01346       0.0000000    
  0.23700000       281.88556      -37.219761    
  0.27100000       281.82053      -16.136499    
  0.31000000       281.76163      -12.748657    
  0.35400000       281.70224      -11.398412    
  0.40400001       281.63867      -10.727517    
  0.46200001       281.56766      -10.332932    
  0.52800000       281.48877      -10.093019    
  0.60299999       281.40244      -9.7112379    
  0.68900001       281.30627      -9.4365292    
  0.78700000       281.19745      -9.3669472    
  0.89999998       281.07260      -9.3261690    
   1.0280000       280.92834      -9.5102539    
   1.1750000       280.76282      -9.5033016    
   1.3420000       280.57300      -9.5908613    
   1.5340000       280.35544      -9.5630379    
   1.7530000       280.11621      -9.2202444    
   2.0030000       279.85895      -8.6822662    
   2.2880001       279.58060      -8.2439938    
   2.6150000       279.28506      -7.6261091    
   2.9870000       278.97198      -7.1013713    
   3.4140000       278.64041      -6.5541358    
   3.9000001       278.29251      -6.0417633    
   4.4569998       277.92825      -5.5183029    
   5.0920000       277.54935      -5.0353098    
   5.8189998       277.16183      -4.4984641    
   6.6490002       276.77066      -3.9774854    
   7.5970001       276.37173      -3.5511277    
   8.6809998       275.96085      -3.1987944    
   9.9189997       275.53842      -2.8797333    
   10.050000       275.49567      -2.7095966    
   10.190000       275.45261      -2.6967676    
   10.320000       275.40884      -2.7126014    
   10.460000       275.36508      -2.6542203    
   10.600000       275.32043      -2.6928217    
   10.750000       275.27585      -2.6322527    
   10.890000       275.23001      -2.6836021    
   11.040000       275.18423      -2.6461442    
   11.180000       275.13821      -2.6272550    
   11.330000       275.09103      -2.6542630    
   11.490000       275.04391      -2.6006033    
   11.640000       274.99652      -2.5927625    
   11.800000       274.94888      -2.5810118    
   11.950000       274.90067      -2.5753803    
   12.120000       274.85251      -2.5203662    
   12.280000       274.80447      -2.5042500    
   12.440000       274.75638      -2.4604206    
   12.610000       274.70895      -2.3943248    
   12.780000       274.66095      -2.4006171    
   12.950000       274.61234      -2.3841038    
   13.120000       274.56372      -2.3580091    
   13.300000       274.51492      -2.3414552    
   13.480000       274.46561      -2.3324831    
   13.660000       274.41724      -2.2583430    
   13.840000       274.36856      -2.2306776    
   14.030000       274.31998      -2.2169616    
   14.220000       274.27133      -2.1752155    
   14.410000       274.22235      -2.1605878    
   14.600000       274.17401      -2.1168458    
   14.800000       274.12555      -2.0823226    
   15.000000       274.07721      -2.0497367    
   15.200000       274.02960      -2.0003748    
   15.400000       273.98129      -1.9990985    
   15.610000       273.93365      -1.9435153    
   15.820000       273.88565      -1.9364544    
   16.030001       273.83865      -1.8713175    
   16.240000       273.79236      -1.8157861    
   16.459999       273.74692      -1.7541625    
   16.680000       273.70142      -1.7338010    
   16.910000       273.65628      -1.7088094    
   17.129999       273.61145      -1.6677572    
   17.360001       273.56683      -1.6396424    
   17.600000       273.52240      -1.6096020    
   17.830000       273.47806      -1.5775025    
   18.070000       273.43304      -1.5873688    
   18.320000       273.38834      -1.5555401    
   18.559999       273.34259      -1.5688123    
   18.809999       273.29749      -1.5282996    
   19.059999       273.25308      -1.4857734    
   19.320000       273.20908      -1.4514633    
   19.580000       273.16599      -1.4020202    
   19.840000       273.12314      -1.3781796    
   20.110001       273.07965      -1.3768872    
   20.379999       273.03638      -1.3545455    
   20.650000       272.99420      -1.2972226    
   20.930000       272.95267      -1.2656431    
   21.209999       272.91263      -1.2041711    
   21.490000       272.87424      -1.1367331    
   21.780001       272.83621      -1.1120497    
   22.070000       272.79825      -1.0977931    
   22.370001       272.76144      -1.0476321    
   22.670000       272.72528      -1.0161579    
   22.980000       272.68912      -1.0037922    
   23.280001       272.65283     -0.99199754    
   23.600000       272.61685     -0.97193044    
   23.910000       272.58133     -0.94599897    
   24.230000       272.54623     -0.92180878    
   24.559999       272.51019     -0.93757969    
   24.889999       272.47443     -0.91457057    
   25.219999       272.43909     -0.89223790    
   25.559999       272.40485     -0.85346216    
   25.910000       272.37100     -0.83223480    
   26.250000       272.33707     -0.82429045    
   26.610001       272.30426     -0.78570104    
   26.959999       272.27249     -0.74936426    
   27.320000       272.24109     -0.73121357    
   27.690001       272.21008     -0.71510464    
   28.059999       272.17798     -0.72968644    
   28.440001       272.14493     -0.73932528    
   28.820000       272.11230     -0.72388411    
   29.209999       272.08060     -0.68986487    
   29.600000       272.04825     -0.69715053    
   30.000000       272.01636     -0.67707258    
   30.400000       271.98523     -0.65162110    
   30.809999       271.95474     -0.63243455    
   31.219999       271.92493     -0.60826612    
   31.639999       271.89529     -0.59548414    
   32.070000       271.86649     -0.57243544    
   32.500000       271.83768     -0.56418687    
   32.930000       271.80991     -0.53852677    
   33.369999       271.78351     -0.50341558    
   33.820000       271.75821     -0.47626081    
   34.279999       271.73294     -0.47079441    
   34.740002       271.70914     -0.43587217    
   35.200001       271.68646     -0.41047177    
   35.669998       271.66428     -0.39689609    
   36.150002       271.64249     -0.38361591    
   36.639999       271.62146     -0.36558458    
   37.130001       271.60077     -0.35599190    
   37.630001       271.58038     -0.34495345    
   38.130001       271.56110     -0.32214895    
   38.650002       271.54211     -0.31183568    
   39.160000       271.52426     -0.29090872    
   39.689999       271.50690     -0.27820548    
   40.220001       271.48990     -0.26946691    
   40.759998       271.47388     -0.25089347    
   41.310001       271.45898     -0.22962791    
   41.860001       271.44482     -0.21631055    
   42.430000       271.43146     -0.20021720    
   43.000000       271.41971     -0.17455046    
   43.570000       271.40814     -0.16915341    
   44.160000       271.39618     -0.17232543    
   44.750000       271.38382     -0.17635609    
   45.349998       271.37183     -0.16839100    
   45.959999       271.35938     -0.17189409    
   46.580002       271.34702     -0.16957581    
   47.200001       271.33481     -0.16419937    
   47.840000       271.32333     -0.15303724    
   48.480000       271.31256     -0.14109509    
   49.130001       271.30197     -0.13771959    
   49.790001       271.29169     -0.13136198    
   50.459999       271.28152     -0.12946635    
   51.130001       271.27023     -0.13952634    
   51.820000       271.25867     -0.14327101    
   52.509998       271.24756     -0.13453269    
   53.220001       271.23779     -0.11696518    
   53.930000       271.22961     -9.66898277E-02
   54.660000       271.22244     -8.35240483E-02
   55.389999       271.21588     -7.57021606E-02
   56.139999       271.20999     -6.66312650E-02
   56.889999       271.20425     -6.38416186E-02
   57.650002       271.19846     -6.44598603E-02
   58.430000       271.19342     -5.46862334E-02
   59.209999       271.18927     -4.51171249E-02
   60.009998       271.18539     -4.04239036E-02
   60.810001       271.18164     -3.91364805E-02
   61.630001       271.17838     -3.36887613E-02
   62.450001       271.17593     -2.55008508E-02
   63.290001       271.17361     -2.31049396E-02
   64.139999       271.17197     -1.69860460E-02
   65.000000       271.17163     -2.67788814E-03
   65.879997       271.17221      5.91785507E-03
   66.760002       271.17349      1.21918321E-02
   67.660004       271.17581      2.08767280E-02
   68.559998       271.17950      3.53053510E-02
   69.480003       271.18481      4.87825200E-02
   70.419998       271.19064      5.25516532E-02
   71.360001       271.19769      6.22662418E-02
   72.320000       271.20483      6.27135783E-02
   73.290001       271.21216      6.44204393E-02
   74.269997       271.22223      8.63487497E-02
   75.269997       271.23349      9.53300744E-02
   76.279999       271.24490      9.48372856E-02
   77.309998       271.25708      0.10077100    
   78.339996       271.27057      0.10951759    
   79.389999       271.28470      0.11367755    
   80.459999       271.30066      0.12577690    
   81.540001       271.31851      0.13964184    
   82.629997       271.33817      0.15192084    
   83.739998       271.35925      0.16021156    
   84.870003       271.38120      0.16476963    
   86.010002       271.40381      0.16803275    
   87.160004       271.42847      0.17961448    
   88.330002       271.45624      0.20078486    
   89.519997       271.48825      0.22791891    
   90.720001       271.52295      0.24341787    
   91.940002       271.55780      0.24110642    
   93.169998       271.59305      0.24148291    
   94.419998       271.62811      0.23650758    
   95.690002       271.66339      0.23514378    
   96.970001       271.69659      0.21804069    
   98.269997       271.72723      0.19863468    
   99.589996       271.75519      0.17844054    
   100.90000       271.78214      0.17059600    
   102.30000       271.80704      0.15528566    
   103.70000       271.83075      0.14559016    
   105.00000       271.85306      0.13529417    
   106.50000       271.87302      0.11958031    
   107.90000       271.89166      0.11029510    
   109.30000       271.90936      0.10275898    
   110.80000       271.92517      9.11687389E-02
   112.30000       271.93903      7.84610286E-02
   113.80000       271.95001      6.13470115E-02
   115.30000       271.95810      4.48049083E-02
   116.90000       271.96301      2.67690346E-02
   118.40000       271.96353      2.84280814E-03
   120.00000       271.95972     -2.05085687E-02
   121.60000       271.95197     -4.07679081E-02
   123.30000       271.93954     -6.37435913E-02
   124.90000       271.92264     -8.62895325E-02
   126.60000       271.90155     -0.10591894    
   128.30000       271.87640     -0.12499344    
   130.00000       271.84766     -0.14100356    
   131.80000       271.81415     -0.16204892    
   133.50000       271.77408     -0.19128808    
   135.30000       271.72784     -0.21728632    
   137.20000       271.67685     -0.23717485    
   139.00000       271.62045     -0.25829616    
   140.89999       271.55804     -0.28253856    
   142.70000       271.49176     -0.29548374    
   144.70000       271.42038     -0.31452659    
   146.60001       271.34436     -0.33027926    
   148.60001       271.26120     -0.35701394    
   150.60001       271.16806     -0.39417681    
   152.60001       271.06693     -0.42202058    
   154.60001       270.95493     -0.46184891    
   156.70000       270.83417     -0.49067658    
   158.80000       270.70416     -0.52154511    
   160.89999       270.56644     -0.54520673    
   163.10001       270.41687     -0.58409196    
   165.30000       270.25751     -0.61446333    
   167.50000       270.08813     -0.64425564    
   169.80000       269.90866     -0.67393017    
   172.00000       269.72220     -0.69011396    
   174.39999       269.52246     -0.73006511    
   176.70000       269.31204     -0.75885266    
   179.10001       269.08704     -0.80059093    
   181.50000       268.84964     -0.83351707    
   183.89999       268.59140     -0.89488006    
   186.39999       268.31317     -0.95111555    
   188.89999       268.00958      -1.0239261    
   191.39999       267.68707      -1.0734745    
   194.00000       267.34088      -1.1371286    
   196.60001       266.97333      -1.1913893    
   199.20000       266.58936      -1.2282854    
   201.89999       266.17462      -1.3089319    
   204.60001       265.73087      -1.3817337    
   207.39999       265.25424      -1.4643118    
   210.10001       264.73538      -1.5732634    
   213.00000       264.16641      -1.7021117    
   215.80000       263.55896      -1.7938772    
   218.70000       262.91434      -1.8778147    
   221.60001       262.22977      -1.9682513    
   224.60001       261.52109      -2.0096309    
   227.60001       260.79425      -2.0346351    
   230.70000       260.05185      -2.0506833    
   233.80000       259.28162      -2.0986676    
   236.89999       258.48849      -2.1329269    
   240.10001       257.66690      -2.1806071    
   243.30000       256.79840      -2.2740941    
   246.60001       255.89337      -2.3384333    
   249.89999       254.96503      -2.3669846    
   253.30000       254.02182      -2.3730986    
   256.70001       253.06056      -2.3859198    
   260.10001       252.09805      -2.3579018    
   263.60001       251.13219      -2.3347573    
   267.10001       250.15265      -2.3366258    
   270.70001       249.17426      -2.3023288    
   274.39999       248.20015      -2.2622795    
   278.00000       247.22247      -2.2407784    
   281.79999       246.21637      -2.2750874    
   285.60001       245.19177      -2.2863324    
   289.39999       244.15540      -2.2816858    
   293.29999       243.10307      -2.2864964    
   297.20001       242.04654      -2.2647738    
   301.20001       240.95680      -2.3053284    
   305.20001       239.80165      -2.4113252    
   309.29999       238.61879      -2.4364655    
   313.50000       237.40225      -2.4726477    
   317.70001       236.16458      -2.4819880    
   322.00000       234.92242      -2.4585519    
   326.29999       233.64201      -2.5001211    
   330.70001       232.33284      -2.5230355    
   335.10001       231.01582      -2.5036824    
   339.60001       229.66048      -2.5429256    
   344.20001       228.27988      -2.5562670    
   348.79999       226.88150      -2.5548575    
   353.50000       225.46536      -2.5524392    
   358.20001       224.06439      -2.4923019    
   363.00000       222.70169      -2.3918414    
   367.89999       221.37010      -2.3065288    
   372.79999       220.10799      -2.1569064    
   377.79999       218.86595      -2.0942390    
   382.89999       217.64444      -2.0327473    
   388.00000       216.44360      -1.9721190    
   393.20001       215.18422      -2.0402398    
   398.50000       213.90315      -2.0483136    
   403.89999       212.62845      -2.0111237    
   409.29999       211.34409      -1.9994185    
   414.79999       210.07028      -1.9566507    
   420.39999       208.81927      -1.8963443    
   426.00000       207.58073      -1.8522328    
   431.70001       206.31035      -1.8750070    
   437.50000       204.99078      -1.9219887    
   443.39999       203.60530      -1.9908109    
   449.29999       202.13286      -2.0881462    
   455.39999       200.61940      -2.1176741    
   461.50000       199.06122      -2.1514711    
   467.70001       197.47552      -2.1600695    
   473.89999       195.86189      -2.1694932    
   480.29999       194.37634      -1.9709039    
   486.79999       192.99236      -1.8116133    
   493.29999       191.59187      -1.8088108    
   499.89999       190.09659      -1.9058824    
   506.60001       188.51971      -1.9832046    
   513.40002       186.79488      -2.1406188    
   520.29999       184.92418      -2.2905726    
   527.29999       182.93089      -2.4085686    
   534.40002       180.87854      -2.4473598    
   541.50000       178.77495      -2.4749906    
   548.79999       176.76044      -2.3387504    
   556.20001       174.89320      -2.1392779    
   563.59998       173.10074      -2.0260684    
   571.20001       171.34492      -1.9586512    
   578.90002       169.57375      -1.9496145    
   586.59998       167.72800      -2.0046496    
   594.50000       165.74983      -2.1198711    
   602.50000       163.52029      -2.3577585    
   610.59998       161.03033      -2.5984035    
   618.79999       158.42638      -2.6815836    
   627.09998       155.83751      -2.6303244    
   635.50000       153.32454      -2.5195086    
   644.00000       150.87355      -2.4248791    
   652.70001       148.43271      -2.3827562    
   661.40002       145.90698      -2.4328637    
   670.29999       143.20837      -2.5652163    
   679.29999       140.44337      -2.5932698    
   688.40002       137.69186      -2.5466566    
   697.70001       134.97179      -2.4843266    
   707.00000       132.20645      -2.4918835    
   716.50000       129.48318      -2.4216986    
   726.09998       126.82233      -2.3347046    
   735.90002       124.25510      -2.2227550    
   745.79999       121.69186      -2.1901276    
   755.79999       119.13525      -2.1551280    
   765.90002       116.57807      -2.1273863    
   776.20001       114.00729      -2.1102402    
   786.59998       111.44695      -2.0738239    
   797.20001       108.88171      -2.0501866    
   807.90002       106.22329      -2.0966816    
   818.70001       103.43857      -2.1671541    
   829.70001       100.66988      -2.1260731    
   840.90002       97.887177      -2.1087899    
   852.09998       95.207558      -2.0035119    
   863.59998       92.690353      -1.8572185    
   875.20001       90.626801      -1.5022963    
   886.90002       88.894905      -1.2442018    
   898.79999       87.021721      -1.3279586    
   910.90002       84.942871      -1.4540868    
   923.09998       82.747253      -1.5154234    
   935.50000       80.411507      -1.5909224    
   948.09998       77.860802      -1.7142358    
   960.79999       75.103920      -1.8281925    
   973.70001       72.105179      -1.9623666    
   986.79999       68.806488      -2.1300764    
  1000.00000       64.811119      -2.5456691    
