  0.20800000       280.24548       0.0000000    
  0.23700000       280.12909      -33.872665    
  0.27100000       280.06964      -14.753729    
  0.31000000       280.01489      -11.845164    
  0.35400000       279.95862      -10.808558    
  0.40400001       279.89691      -10.410925    
  0.46200001       279.82602      -10.300098    
  0.52800000       279.74649      -10.171909    
  0.60299999       279.66028      -9.7011909    
  0.68900001       279.56461      -9.3934917    
  0.78700000       279.45688      -9.2802210    
  0.89999998       279.33435      -9.1487074    
   1.0280000       279.19370      -9.2707844    
   1.1750000       279.03360      -9.1941681    
   1.3420000       278.85104      -9.2246790    
   1.5340000       278.64264      -9.1565990    
   1.7530000       278.41455      -8.7904272    
   2.0030000       278.16977      -8.2621078    
   2.2880001       277.90671      -7.7904425    
   2.6150000       277.62866      -7.1756945    
   2.9870000       277.33734      -6.6085730    
   3.4140000       277.03079      -6.0582132    
   3.9000001       276.70993      -5.5721769    
   4.4569998       276.37466      -5.0799508    
   5.0920000       276.02634      -4.6292286    
   5.8189998       275.67102      -4.1247411    
   6.6490002       275.31244      -3.6456339    
   7.5970001       274.94815      -3.2426262    
   8.6809998       274.56842      -2.9568033    
   9.9189997       274.17297      -2.6952825    
   10.050000       274.13303      -2.5357685    
   10.190000       274.09286      -2.5103989    
   10.320000       274.05267      -2.4936435    
   10.460000       274.01242      -2.4449708    
   10.600000       273.97229      -2.4181252    
   10.750000       273.93158      -2.4039676    
   10.890000       273.89023      -2.4197085    
   11.040000       273.84900      -2.3846889    
   11.180000       273.80719      -2.3847651    
   11.330000       273.76529      -2.3559430    
   11.490000       273.72223      -2.3758440    
   11.640000       273.67963      -2.3368993    
   11.800000       273.63623      -2.3468246    
   11.950000       273.59241      -2.3393488    
   12.120000       273.54840      -2.3047202    
   12.280000       273.50449      -2.2913821    
   12.440000       273.45959      -2.2961235    
   12.610000       273.41498      -2.2535040    
   12.780000       273.37030      -2.2325988    
   12.950000       273.32550      -2.1939714    
   13.120000       273.28131      -2.1443720    
   13.300000       273.23657      -2.1468322    
   13.480000       273.19138      -2.1412494    
   13.660000       273.14560      -2.1334329    
   13.840000       273.10022      -2.0818148    
   14.030000       273.05469      -2.0774746    
   14.220000       273.00955      -2.0162609    
   14.410000       272.96381      -2.0221066    
   14.600000       272.91885      -1.9641726    
   14.800000       272.87332      -1.9602700    
   15.000000       272.82639      -1.9893966    
   15.200000       272.77972      -1.9605111    
   15.400000       272.73343      -1.9174668    
   15.610000       272.68759      -1.8639603    
   15.820000       272.64252      -1.8222711    
   16.030001       272.59784      -1.7814931    
   16.240000       272.55405      -1.7170403    
   16.459999       272.50995      -1.6968910    
   16.680000       272.46579      -1.6877997    
   16.910000       272.42203      -1.6565409    
   17.129999       272.37808      -1.6326028    
   17.360001       272.33524      -1.5744288    
   17.600000       272.29221      -1.5561265    
   17.830000       272.24939      -1.5268865    
   18.070000       272.20636      -1.5178360    
   18.320000       272.16394      -1.4719061    
   18.559999       272.12103      -1.4744892    
   18.809999       272.07831      -1.4463125    
   19.059999       272.03622      -1.4112129    
   19.320000       271.99353      -1.4058021    
   19.580000       271.95084      -1.3905880    
   19.840000       271.90866      -1.3532937    
   20.110001       271.86786      -1.2952824    
   20.379999       271.82681      -1.2823035    
   20.650000       271.78543      -1.2760453    
   20.930000       271.74329      -1.2820951    
   21.209999       271.70172      -1.2508074    
   21.490000       271.65997      -1.2341833    
   21.780001       271.61993      -1.1747073    
   22.070000       271.58029      -1.1443112    
   22.370001       271.54099      -1.1176248    
   22.670000       271.50128      -1.1158557    
   22.980000       271.46063      -1.1283710    
   23.280001       271.41971      -1.1182011    
   23.600000       271.37909      -1.0993803    
   23.910000       271.33957      -1.0507461    
   24.230000       271.30075      -1.0201784    
   24.559999       271.26270     -0.98996913    
   24.889999       271.22458     -0.97429502    
   25.219999       271.18591     -0.97781342    
   25.559999       271.14841     -0.93254536    
   25.910000       271.11124     -0.91499430    
   26.250000       271.07397     -0.90623957    
   26.610001       271.03699     -0.88414425    
   26.959999       271.00052     -0.86107534    
   27.320000       270.96436     -0.84431207    
   27.690001       270.92871     -0.81880999    
   28.059999       270.89404     -0.78892970    
   28.440001       270.85989     -0.76437646    
   28.820000       270.82684     -0.73198354    
   29.209999       270.79431     -0.71010876    
   29.600000       270.76279     -0.67872798    
   30.000000       270.73245     -0.64142102    
   30.400000       270.70273     -0.62537771    
   30.809999       270.67212     -0.63370889    
   31.219999       270.64130     -0.62790865    
   31.639999       270.61057     -0.61923569    
   32.070000       270.58023     -0.60201991    
   32.500000       270.55023     -0.58924609    
   32.930000       270.52109     -0.56340873    
   33.369999       270.49286     -0.53927040    
   33.820000       270.46536     -0.51806509    
   34.279999       270.43713     -0.52338368    
   34.740002       270.40942     -0.50860202    
   35.200001       270.38242     -0.48907882    
   35.669998       270.35571     -0.47810772    
   36.150002       270.32928     -0.46407211    
   36.639999       270.30447     -0.43199927    
   37.130001       270.27997     -0.42002907    
   37.630001       270.25546     -0.41630265    
   38.130001       270.23175     -0.39610261    
   38.650002       270.20813     -0.38858601    
   39.160000       270.18542     -0.36901319    
   39.689999       270.16373     -0.34812900    
   40.220001       270.14334     -0.32412159    
   40.759998       270.12442     -0.29532832    
   41.310001       270.10675     -0.27378270    
   41.860001       270.08954     -0.26023817    
   42.430000       270.07306     -0.24842216    
   43.000000       270.05606     -0.25144807    
   43.570000       270.03836     -0.25911221    
   44.160000       270.02103     -0.24931528    
   44.750000       270.00452     -0.23500225    
   45.349998       269.98953     -0.21202588    
   45.959999       269.97662     -0.17862490    
   46.580002       269.96545     -0.15217362    
   47.200001       269.95428     -0.15128812    
   47.840000       269.94235     -0.15864937    
   48.480000       269.93048     -0.15542403    
   49.130001       269.91867     -0.15409261    
   49.790001       269.90707     -0.14787601    
   50.459999       269.89667     -0.13148372    
   51.130001       269.88779     -0.11016656    
   51.820000       269.88000     -9.65280235E-02
   52.509998       269.87213     -9.54085514E-02
   53.220001       269.86545     -8.02844241E-02
   53.930000       269.86038     -5.96143492E-02
   54.660000       269.85538     -5.76797128E-02
   55.389999       269.85062     -5.49116507E-02
   56.139999       269.84552     -5.79859614E-02
   56.889999       269.84015     -6.05948754E-02
   57.650002       269.83505     -5.54261059E-02
   58.430000       269.83087     -4.62919660E-02
   59.209999       269.82834     -2.72183791E-02
   60.009998       269.82666     -1.76312886E-02
   60.810001       269.82449     -2.27267127E-02
   61.630001       269.82333     -1.26928352E-02
   62.450001       269.82275     -4.89866175E-03
   63.290001       269.82330      4.83207777E-03
   64.139999       269.82739      4.12911847E-02
   65.000000       269.83337      5.75962104E-02
   65.879997       269.83902      5.54259494E-02
   66.760002       269.84579      6.41083568E-02
   67.660004       269.85349      7.29911849E-02
   68.559998       269.86209      8.00332129E-02
   69.480003       269.87277      9.78096500E-02
   70.419998       269.88669      0.12533902    
   71.360001       269.90283      0.14432672    
   72.320000       269.92203      0.16913277    
   73.290001       269.94647      0.21294743    
   74.269997       269.97546      0.24812363    
   75.269997       270.00491      0.24963221    
   76.279999       270.03629      0.26169416    
   77.309998       270.07108      0.28686124    
   78.339996       270.10837      0.30347618    
   79.389999       270.14581      0.30020338    
   80.459999       270.18372      0.29997391    
   81.540001       270.22150      0.29604867    
   82.629997       270.26065      0.30174685    
   83.739998       270.30066      0.30423999    
   84.870003       270.34103      0.30327168    
   86.010002       270.38181      0.30180737    
   87.160004       270.42285      0.30020505    
   88.330002       270.46509      0.30453855    
   89.519997       270.50726      0.30054921    
   90.720001       270.55032      0.30221635    
   91.940002       270.59454      0.30623880    
   93.169998       270.63824      0.29891628    
   94.419998       270.68033      0.28373095    
   95.690002       270.72162      0.27487317    
   96.970001       270.76132      0.26147741    
   98.269997       270.79996      0.24998152    
   99.589996       270.83572      0.22918585    
   100.90000       270.87000      0.21631815    
   102.30000       270.90216      0.20047048    
   103.70000       270.93127      0.17854659    
   105.00000       270.95670      0.15448633    
   106.50000       270.98001      0.13944951    
   107.90000       271.00137      0.12623809    
   109.30000       271.02045      0.11092243    
   110.80000       271.03696      9.49326679E-02
   112.30000       271.05109      8.07195976E-02
   113.80000       271.06213      6.18553944E-02
   115.30000       271.07010      4.39290553E-02
   116.90000       271.07513      2.70169247E-02
   118.40000       271.07693      1.00522703E-02
   120.00000       271.07581     -6.14767289E-03
   121.60000       271.07141     -2.31576823E-02
   123.30000       271.06381     -3.92684788E-02
   124.90000       271.05228     -5.87744191E-02
   126.60000       271.03513     -8.64139870E-02
   128.30000       271.01132     -0.11807762    
   130.00000       270.98044     -0.15097758    
   131.80000       270.94150     -0.18848416    
   133.50000       270.89639     -0.21497022    
   135.30000       270.84775     -0.22914295    
   137.20000       270.79343     -0.25274768    
   139.00000       270.73032     -0.28922457    
   140.89999       270.65829     -0.32581013    
   142.70000       270.57733     -0.36110219    
   144.70000       270.48758     -0.39565620    
   146.60001       270.38916     -0.42755440    
   148.60001       270.28308     -0.45480719    
   150.60001       270.16772     -0.48837304    
   152.60001       270.04080     -0.52982014    
   154.60001       269.90442     -0.56225169    
   156.70000       269.75711     -0.59867638    
   158.80000       269.60004     -0.63034821    
   160.89999       269.43152     -0.66712892    
   163.10001       269.25253     -0.69861484    
   165.30000       269.05539     -0.76034516    
   167.50000       268.84048     -0.81720257    
   169.80000       268.61319     -0.85322613    
   172.00000       268.36624     -0.91425967    
   174.39999       268.10544     -0.95331895    
   176.70000       267.83221     -0.98543799    
   179.10001       267.54474      -1.0229760    
   181.50000       267.23975      -1.0703976    
   183.89999       266.92072      -1.1059339    
   186.39999       266.58197      -1.1575841    
   188.89999       266.21741      -1.2297553    
   191.39999       265.83090      -1.2868028    
   194.00000       265.40814      -1.3886566    
   196.60001       264.95343      -1.4736055    
   199.20000       264.47977      -1.5152819    
   201.89999       263.97556      -1.5913317    
   204.60001       263.45126      -1.6324625    
   207.39999       262.90897      -1.6662680    
   210.10001       262.33563      -1.7384375    
   213.00000       261.74127      -1.7782241    
   215.80000       261.11581      -1.8466250    
   218.70000       260.46536      -1.8949865    
   221.60001       259.80768      -1.8908843    
   224.60001       259.12860      -1.9256115    
   227.60001       258.42798      -1.9611273    
   230.70000       257.71579      -1.9674978    
   233.80000       256.97491      -2.0188167    
   236.89999       256.21692      -2.0384233    
   240.10001       255.43942      -2.0633218    
   243.30000       254.63850      -2.0972183    
   246.60001       253.82790      -2.0944204    
   249.89999       253.00002      -2.1107626    
   253.30000       252.14774      -2.1445436    
   256.70001       251.26219      -2.1978040    
   260.10001       250.36371      -2.2011051    
   263.60001       249.45282      -2.2018225    
   267.10001       248.52652      -2.2095404    
   270.70001       247.59491      -2.1924181    
   274.39999       246.64485      -2.2064078    
   278.00000       245.67220      -2.2293298    
   281.79999       244.66928      -2.2677076    
   285.60001       243.65256      -2.2686760    
   289.39999       242.61598      -2.2823362    
   293.29999       241.54385      -2.3293884    
   297.20001       240.44511      -2.3553419    
   301.20001       239.32777      -2.3637142    
   305.20001       238.19336      -2.3679025    
   309.29999       237.05084      -2.3534076    
   313.50000       235.89249      -2.3543591    
   317.70001       234.71498      -2.3616090    
   322.00000       233.51326      -2.3783383    
   326.29999       232.30891      -2.3516555    
   330.70001       231.10027      -2.3292928    
   335.10001       229.88419      -2.3119352    
   339.60001       228.64703      -2.3210714    
   344.20001       227.39417      -2.3196332    
   348.79999       226.10999      -2.3463287    
   353.50000       224.81258      -2.3384635    
   358.20001       223.50212      -2.3311045    
   363.00000       222.12494      -2.4172499    
   367.89999       220.71300      -2.4457746    
   372.79999       219.23604      -2.5240922    
   377.79999       217.72243      -2.5522821    
   382.89999       216.21132      -2.5146453    
   388.00000       214.75534      -2.3910053    
   393.20001       213.28386      -2.3839049    
   398.50000       211.81569      -2.3475966    
   403.89999       210.34636      -2.3181367    
   409.29999       208.83957      -2.3456023    
   414.79999       207.25490      -2.4341407    
   420.39999       205.60191      -2.5058892    
   426.00000       203.89008      -2.5600014    
   431.70001       202.12569      -2.6040137    
   437.50000       200.34810      -2.5890374    
   443.39999       198.56378      -2.5640526    
   449.29999       196.76495      -2.5508318    
   455.39999       195.01520      -2.4483871    
   461.50000       193.33188      -2.3243029    
   467.70001       191.68425      -2.2444310    
   473.89999       190.04741      -2.2006307    
   480.29999       188.36501      -2.2320676    
   486.79999       186.62552      -2.2769930    
   493.29999       184.84235      -2.3030589    
   499.89999       183.01759      -2.3259027    
   506.60001       181.18288      -2.3074117    
   513.40002       179.30212      -2.3342135    
   520.29999       177.39348      -2.3370190    
   527.29999       175.45699      -2.3399129    
   534.40002       173.50406      -2.3288434    
   541.50000       171.53944      -2.3114400    
   548.79999       169.51259      -2.3531251    
   556.20001       167.49164      -2.3152616    
   563.59998       165.44109      -2.3178837    
   571.20001       163.34276      -2.3408306    
   578.90002       161.23697      -2.3178039    
   586.59998       159.13351      -2.2845635    
   594.50000       157.06636      -2.2152169    
   602.50000       154.97382      -2.2129214    
   610.59998       152.89590      -2.1684592    
   618.79999       150.84128      -2.1157854    
   627.09998       148.80537      -2.0685613    
   635.50000       146.80951      -2.0010369    
   644.00000       144.84424      -1.9444242    
   652.70001       142.89638      -1.9014083    
   661.40002       140.93265      -1.8916206    
   670.29999       138.92551      -1.9078954    
   679.29999       136.86922      -1.9285147    
   688.40002       134.78348      -1.9304180    
   697.70001       132.64027      -1.9575101    
   707.00000       130.46059      -1.9641613    
   716.50000       128.23798      -1.9764917    
   726.09998       125.95306      -2.0048823    
   735.90002       123.58065      -2.0540550    
   745.79999       121.17095      -2.0588484    
   755.79999       118.68141      -2.0986743    
   765.90002       116.21883      -2.0486805    
   776.20001       113.72453      -2.0474029    
   786.59998       111.20611      -2.0399027    
   797.20001       108.68293      -2.0165901    
   807.90002       106.16257      -1.9877800    
   818.70001       103.62718      -1.9731104    
   829.70001       101.09557      -1.9440260    
   840.90002       98.566780      -1.9163625    
   852.09998       96.048851      -1.8826122    
   863.59998       93.546730      -1.8460944    
   875.20001       91.186333      -1.7184000    
   886.90002       88.548126      -1.8953006    
   898.79999       85.364265      -2.2571335    
   910.90002       82.065979      -2.3070550    
   923.09998       78.711243      -2.3154409    
   935.50000       75.308868      -2.3174286    
   948.09998       71.770058      -2.3783088    
   960.79999       68.069244      -2.4541490    
   973.70001       64.252777      -2.4974840    
   986.79999       60.002201      -2.7447405    
  1000.00000       54.824875      -3.2987514    
