  0.20800000       281.70123       0.0000000    
  0.23700000       281.58618      -33.496315    
  0.27100000       281.52756      -14.542189    
  0.31000000       281.47363      -11.681936    
  0.35400000       281.41818      -10.630087    
  0.40400001       281.35764      -10.206105    
  0.46200001       281.28845      -10.071130    
  0.52800000       281.21030      -9.9945774    
  0.60299999       281.12387      -9.7251549    
  0.68900001       281.02600      -9.6012001    
  0.78700000       280.91562      -9.5085659    
  0.89999998       280.79132      -9.2821913    
   1.0280000       280.64963      -9.3442974    
   1.1750000       280.48837      -9.2558327    
   1.3420000       280.30405      -9.3164673    
   1.5340000       280.09351      -9.2516947    
   1.7530000       279.86365      -8.8569393    
   2.0030000       279.61880      -8.2662697    
   2.2880001       279.35703      -7.7518301    
   2.6150000       279.08182      -7.1025238    
   2.9870000       278.79489      -6.5094824    
   3.4140000       278.49405      -5.9449811    
   3.9000001       278.17661      -5.5125189    
   4.4569998       277.84183      -5.0723162    
   5.0920000       277.49478      -4.6119933    
   5.8189998       277.14636      -4.0443048    
   6.6490002       276.80331      -3.4887176    
   7.5970001       276.45807      -3.0726895    
   8.6809998       276.10385      -2.7576230    
   9.9189997       275.74088      -2.4746459    
   10.050000       275.70364      -2.3567431    
   10.190000       275.66684      -2.3054459    
   10.320000       275.62936      -2.3235962    
   10.460000       275.59195      -2.2733707    
   10.600000       275.55396      -2.2859745    
   10.750000       275.51526      -2.2839751    
   10.890000       275.47687      -2.2526326    
   11.040000       275.43839      -2.2267501    
   11.180000       275.39960      -2.2113793    
   11.330000       275.36053      -2.1939940    
   11.490000       275.32135      -2.1638277    
   11.640000       275.28159      -2.1813588    
   11.800000       275.24121      -2.1797614    
   11.950000       275.20032      -2.1832097    
   12.120000       275.15903      -2.1675282    
   12.280000       275.11755      -2.1604493    
   12.440000       275.07651      -2.0997014    
   12.610000       275.03473      -2.1094618    
   12.780000       274.99258      -2.1034575    
   12.950000       274.95050      -2.0656762    
   13.120000       274.90747      -2.0896609    
   13.300000       274.86459      -2.0539382    
   13.480000       274.82074      -2.0809720    
   13.660000       274.77689      -2.0448408    
   13.840000       274.73206      -2.0540979    
   14.030000       274.68695      -2.0545862    
   14.220000       274.64172      -2.0236590    
   14.410000       274.59647      -1.9976180    
   14.600000       274.55054      -2.0078089    
   14.800000       274.50467      -1.9774832    
   15.000000       274.45844      -1.9605974    
   15.200000       274.41202      -1.9501714    
   15.400000       274.36536      -1.9251434    
   15.610000       274.31915      -1.8877780    
   15.820000       274.27243      -1.8840482    
   16.030001       274.22681      -1.8187762    
   16.240000       274.18283      -1.7255467    
   16.459999       274.13916      -1.6806161    
   16.680000       274.09653      -1.6295859    
   16.910000       274.05386      -1.6148659    
   17.129999       274.01181      -1.5625644    
   17.360001       273.96979      -1.5409782    
   17.600000       273.92795      -1.5152296    
   17.830000       273.88641      -1.4794880    
   18.070000       273.84512      -1.4575466    
   18.320000       273.80380      -1.4349170    
   18.559999       273.76230      -1.4253497    
   18.809999       273.72153      -1.3813424    
   19.059999       273.68121      -1.3502393    
   19.320000       273.64197      -1.2936355    
   19.580000       273.60229      -1.2924509    
   19.840000       273.56384      -1.2356851    
   20.110001       273.52631      -1.1887439    
   20.379999       273.48837      -1.1860894    
   20.650000       273.45114      -1.1478345    
   20.930000       273.41409      -1.1287520    
   21.209999       273.37665      -1.1243316    
   21.490000       273.33936      -1.1051425    
   21.780001       273.30283      -1.0694324    
   22.070000       273.26733      -1.0252233    
   22.370001       273.23145      -1.0211681    
   22.670000       273.19525      -1.0173753    
   22.980000       273.15964     -0.98907977    
   23.280001       273.12448     -0.95982271    
   23.600000       273.09048     -0.91942501    
   23.910000       273.05692     -0.89381737    
   24.230000       273.02365     -0.87460840    
   24.559999       272.98981     -0.87846375    
   24.889999       272.95633     -0.85607487    
   25.219999       272.92340     -0.83072639    
   25.559999       272.89114     -0.80463374    
   25.910000       272.85876     -0.79510689    
   26.250000       272.82523     -0.81556284    
   26.610001       272.79169     -0.80171621    
   26.959999       272.75882     -0.77768087    
   27.320000       272.72708     -0.73963678    
   27.690001       272.69556     -0.72567254    
   28.059999       272.66422     -0.71225250    
   28.440001       272.63287     -0.70225900    
   28.820000       272.60114     -0.70296335    
   29.209999       272.56961     -0.68633229    
   29.600000       272.53888     -0.66303986    
   30.000000       272.50845     -0.64463818    
   30.400000       272.47833     -0.63302875    
   30.809999       272.44919     -0.60082477    
   31.219999       272.42139     -0.56761009    
   31.639999       272.39377     -0.55605519    
   32.070000       272.36707     -0.53176022    
   32.500000       272.34015     -0.52740645    
   32.930000       272.31393     -0.50785023    
   33.369999       272.28772     -0.49986193    
   33.820000       272.26242     -0.47625265    
   34.279999       272.23853     -0.44389790    
   34.740002       272.21503     -0.43202972    
   35.200001       272.19141     -0.42696297    
   35.669998       272.16891     -0.40226117    
   36.150002       272.14612     -0.40082049    
   36.639999       272.12350     -0.39456809    
   37.130001       272.10168     -0.37401623    
   37.630001       272.08041     -0.35934636    
   38.130001       272.05960     -0.34857449    
   38.650002       272.03809     -0.35461950    
   39.160000       272.01688     -0.34545782    
   39.689999       271.99597     -0.33395609    
   40.220001       271.97626     -0.31390592    
   40.759998       271.95737     -0.29438469    
   41.310001       271.93915     -0.28130069    
   41.860001       271.92093     -0.27727348    
   42.430000       271.90344     -0.26201802    
   43.000000       271.88721     -0.24136320    
   43.570000       271.87183     -0.22514153    
   44.160000       271.85703     -0.21344946    
   44.750000       271.84262     -0.20520578    
   45.349998       271.82834     -0.20063876    
   45.959999       271.81503     -0.18416710    
   46.580002       271.80350     -0.15809453    
   47.200001       271.79373     -0.13231224    
   47.840000       271.78604     -0.10142633    
   48.480000       271.77957     -8.49427581E-02
   49.130001       271.77408     -7.14381635E-02
   49.790001       271.76959     -5.76161370E-02
   50.459999       271.76602     -4.50849682E-02
   51.130001       271.76328     -3.43305245E-02
   51.820000       271.76068     -3.11690718E-02
   52.509998       271.75742     -3.99756171E-02
   53.220001       271.75293     -5.35048321E-02
   53.930000       271.74850     -5.25530279E-02
   54.660000       271.74588     -3.06014791E-02
   55.389999       271.74429     -1.79047436E-02
   56.139999       271.74200     -2.63725370E-02
   56.889999       271.73901     -3.34418640E-02
   57.650002       271.73703     -2.21626814E-02
   58.430000       271.73666     -4.13828110E-03
   59.209999       271.73700      4.08212561E-03
   60.009998       271.73804      1.05257519E-02
   60.810001       271.74069      2.85342634E-02
   61.630001       271.74603      5.53971343E-02
   62.450001       271.75330      7.33916089E-02
   63.290001       271.76047      7.26141706E-02
   64.139999       271.76733      6.82462454E-02
   65.000000       271.77539      7.89948776E-02
   65.879997       271.78589      0.10141212    
   66.760002       271.79819      0.11682534    
   67.660004       271.81204      0.13136438    
   68.559998       271.82718      0.13997823    
   69.480003       271.84259      0.14155032    
   70.419998       271.85867      0.14510995    
   71.360001       271.87500      0.14637603    
   72.320000       271.89331      0.16068763    
   73.290001       271.91446      0.18445425    
   74.269997       271.93808      0.20216401    
   75.269997       271.96313      0.21185297    
   76.279999       271.99091      0.23233145    
   77.309998       272.02148      0.25206727    
   78.339996       272.05313      0.25784412    
   79.389999       272.08664      0.26858506    
   80.459999       272.12344      0.29178831    
   81.540001       272.16238      0.30397096    
   82.629997       272.20300      0.31361416    
   83.739998       272.24414      0.31305110    
   84.870003       272.28580      0.31259644    
   86.010002       272.32898      0.31947541    
   87.160004       272.37296      0.32169107    
   88.330002       272.41748      0.32114157    
   89.519997       272.46158      0.31412762    
   90.720001       272.50574      0.30993158    
   91.940002       272.54828      0.29455388    
   93.169998       272.58853      0.27549392    
   94.419998       272.62674      0.25774932    
   95.690002       272.66251      0.23838791    
   96.970001       272.69763      0.23027234    
   98.269997       272.73193      0.22304530    
   99.589996       272.76538      0.21375330    
   100.90000       272.79767      0.20409778    
   102.30000       272.82816      0.18935852    
   103.70000       272.85706      0.17799839    
   105.00000       272.88269      0.15567105    
   106.50000       272.90482      0.13216889    
   107.90000       272.92480      0.11811823    
   109.30000       272.94220      0.10105416    
   110.80000       272.95609      7.97788724E-02
   112.30000       272.96631      5.81590571E-02
   113.80000       272.97296      3.71984877E-02
   115.30000       272.97675      2.13049538E-02
   116.90000       272.97806      6.90187700E-03
   118.40000       272.97699     -5.74245490E-03
   120.00000       272.97354     -1.84203051E-02
   121.60000       272.96542     -4.26291600E-02
   123.30000       272.95282     -6.47559911E-02
   124.90000       272.93719     -7.98234791E-02
   126.60000       272.91653     -0.10415461    
   128.30000       272.88974     -0.13316138    
   130.00000       272.85617     -0.16401513    
   131.80000       272.81607     -0.19438280    
   133.50000       272.76941     -0.22241652    
   135.30000       272.71643     -0.24934487    
   137.20000       272.65659     -0.27808699    
   139.00000       272.59076     -0.30154586    
   140.89999       272.51883     -0.32575986    
   142.70000       272.43851     -0.35835499    
   144.70000       272.35001     -0.38981053    
   146.60001       272.25266     -0.42308486    
   148.60001       272.14548     -0.45944440    
   150.60001       272.02795     -0.49743646    
   152.60001       271.90009     -0.53380448    
   154.60001       271.76331     -0.56374598    
   156.70000       271.61569     -0.60022819    
   158.80000       271.45648     -0.63899779    
   160.89999       271.28403     -0.68245387    
   163.10001       271.09921     -0.72151697    
   165.30000       270.89868     -0.77313972    
   167.50000       270.68127     -0.82701981    
   169.80000       270.44763     -0.87708312    
   172.00000       270.19836     -0.92307228    
   174.39999       269.93723     -0.95432383    
   176.70000       269.66006     -0.99960709    
   179.10001       269.37311      -1.0207704    
   181.50000       269.06833      -1.0700107    
   183.89999       268.74713      -1.1132883    
   186.39999       268.40616      -1.1654466    
   188.89999       268.03659      -1.2463071    
   191.39999       267.64346      -1.3090059    
   194.00000       267.21664      -1.4019897    
   196.60001       266.75772      -1.4873408    
   199.20000       266.27606      -1.5408021    
   201.89999       265.76456      -1.6142151    
   204.60001       265.23334      -1.6542180    
   207.39999       264.67645      -1.7108355    
   210.10001       264.10306      -1.7388343    
   213.00000       263.49515      -1.8184890    
   215.80000       262.85623      -1.8867338    
   218.70000       262.20755      -1.8897041    
   221.60001       261.53998      -1.9192711    
   224.60001       260.85843      -1.9326947    
   227.60001       260.15833      -1.9597760    
   230.70000       259.43182      -2.0066938    
   233.80000       258.68640      -2.0312431    
   236.89999       257.91849      -2.0652812    
   240.10001       257.13156      -2.0882199    
   243.30000       256.32278      -2.1178737    
   246.60001       255.50105      -2.1230822    
   249.89999       254.66228      -2.1387620    
   253.30000       253.79221      -2.1891425    
   256.70001       252.90286      -2.2073605    
   260.10001       251.99947      -2.2130899    
   263.60001       251.08469      -2.2114301    
   267.10001       250.14999      -2.2294817    
   270.70001       249.20613      -2.2211142    
   274.39999       248.24933      -2.2219813    
   278.00000       247.26369      -2.2590225    
   281.79999       246.25809      -2.2740569    
   285.60001       245.23457      -2.2837629    
   289.39999       244.17897      -2.3241146    
   293.29999       243.10236      -2.3393970    
   297.20001       241.98682      -2.3912184    
   301.20001       240.85027      -2.4043336    
   305.20001       239.72006      -2.3590825    
   309.29999       238.56566      -2.3779254    
   313.50000       237.38499      -2.3997204    
   317.70001       236.19923      -2.3781674    
   322.00000       234.98810      -2.3970134    
   326.29999       233.77313      -2.3722126    
   330.70001       232.55235      -2.3527224    
   335.10001       231.31224      -2.3575468    
   339.60001       230.06618      -2.3379128    
   344.20001       228.79842      -2.3472164    
   348.79999       227.49947      -2.3732369    
   353.50000       226.19029      -2.3597620    
   358.20001       224.85983      -2.3666787    
   363.00000       223.49045      -2.4035630    
   367.89999       222.05888      -2.4797864    
   372.79999       220.58240      -2.5233479    
   377.79999       219.07083      -2.5487003    
   382.89999       217.57512      -2.4891601    
   388.00000       216.10786      -2.4094641    
   393.20001       214.65007      -2.3616512    
   398.50000       213.19562      -2.3255854    
   403.89999       211.73476      -2.3048878    
   409.29999       210.23203      -2.3392651    
   414.79999       208.65504      -2.4223905    
   420.39999       207.00267      -2.5049317    
   426.00000       205.27849      -2.5784509    
   431.70001       203.52141      -2.5932167    
   437.50000       201.75000      -2.5800886    
   443.39999       199.97214      -2.5546105    
   449.29999       198.18369      -2.5362978    
   455.39999       196.45572      -2.4179573    
   461.50000       194.75595      -2.3469477    
   467.70001       193.10909      -2.2433381    
   473.89999       191.46960      -2.2042515    
   480.29999       189.78041      -2.2410088    
   486.79999       188.02956      -2.2919462    
   493.29999       186.21658      -2.3415596    
   499.89999       184.39697      -2.3191488    
   506.60001       182.52640      -2.3526115    
   513.40002       180.60980      -2.3786619    
   520.29999       178.66620      -2.3798413    
   527.29999       176.70790      -2.3663645    
   534.40002       174.73808      -2.3489366    
   541.50000       172.74728      -2.3421719    
   548.79999       170.73465      -2.3365972    
   556.20001       168.70659      -2.3235247    
   563.59998       166.63841      -2.3377922    
   571.20001       164.54904      -2.3306851    
   578.90002       162.45860      -2.3010242    
   586.59998       160.39813      -2.2378969    
   594.50000       158.33299      -2.2130539    
   602.50000       156.26170      -2.1904278    
   610.59998       154.19351      -2.1583099    
   618.79999       152.13309      -2.1217904    
   627.09998       150.12601      -2.0392044    
   635.50000       148.13124      -2.0000064    
   644.00000       146.16632      -1.9440068    
   652.70001       144.20483      -1.9147283    
   661.40002       142.25940      -1.8739333    
   670.29999       140.24005      -1.9195442    
   679.29999       138.15796      -1.9527996    
   688.40002       136.07535      -1.9275377    
   697.70001       133.93515      -1.9547189    
   707.00000       131.75839      -1.9615010    
   716.50000       129.53934      -1.9732975    
   726.09998       127.26036      -1.9997046    
   735.90002       124.89400      -2.0487618    
   745.79999       122.47598      -2.0660324    
   755.79999       120.02493      -2.0662289    
   765.90002       117.56326      -2.0478797    
   776.20001       115.09886      -2.0229325    
   786.59998       112.60156      -2.0227208    
   797.20001       110.09470      -2.0035422    
   807.90002       107.58797      -1.9771166    
   818.70001       105.06483      -1.9635322    
   829.70001       102.54332      -1.9362526    
   840.90002       100.00845      -1.9209826    
   852.09998       97.510750      -1.8674905    
   863.59998       95.026031      -1.8332546    
   875.20001       92.691345      -1.6996768    
   886.90002       90.060730      -1.8898431    
   898.79999       86.897179      -2.2427330    
   910.90002       83.607376      -2.3011267    
   923.09998       80.252983      -2.3152025    
   935.50000       76.843918      -2.3219907    
   948.09998       73.286743      -2.3906469    
   960.79999       69.556351      -2.4737644    
   973.70001       65.674988      -2.5399566    
   986.79999       61.407486      -2.7556736    
  1000.00000       56.060898      -3.4065912    
