  0.20800000       282.64536       0.0000000    
  0.23700000       282.50281      -41.477798    
  0.27100000       282.43018      -18.030857    
  0.31000000       282.36536      -14.013164    
  0.35400000       282.30133      -12.288679    
  0.40400001       282.23438      -11.297837    
  0.46200001       282.16159      -10.596430    
  0.52800000       282.08191      -10.185838    
  0.60299999       281.99539      -9.7333469    
  0.68900001       281.89993      -9.3714209    
  0.78700000       281.79205      -9.2854586    
  0.89999998       281.66794      -9.2731276    
   1.0280000       281.52411      -9.4798737    
   1.1750000       281.35950      -9.4472513    
   1.3420000       281.17126      -9.5172663    
   1.5340000       280.95541      -9.4862003    
   1.7530000       280.71796      -9.1496639    
   2.0030000       280.46161      -8.6541862    
   2.2880001       280.18491      -8.1929197    
   2.6150000       279.89420      -7.5025387    
   2.9870000       279.59299      -6.8323288    
   3.4140000       279.27798      -6.2247920    
   3.9000001       278.94748      -5.7395058    
   4.4569998       278.59857      -5.2873011    
   5.0920000       278.23889      -4.7803988    
   5.8189998       277.87823      -4.1856418    
   6.6490002       277.52652      -3.5769892    
   7.5970001       277.17694      -3.1109724    
   8.6809998       276.81790      -2.7950630    
   9.9189997       276.44565      -2.5381625    
   10.050000       276.40784      -2.3983989    
   10.190000       276.36923      -2.4101799    
   10.320000       276.33035      -2.4141810    
   10.460000       276.29144      -2.3602848    
   10.600000       276.25183      -2.3875306    
   10.750000       276.21204      -2.3517339    
   10.890000       276.17215      -2.3367929    
   11.040000       276.13193      -2.3223436    
   11.180000       276.09137      -2.3172302    
   11.330000       276.05084      -2.2792883    
   11.490000       276.01007      -2.2467992    
   11.640000       275.96869      -2.2664456    
   11.800000       275.92722      -2.2443576    
   11.950000       275.88568      -2.2203643    
   12.120000       275.84430      -2.1686249    
   12.280000       275.80295      -2.1519101    
   12.440000       275.76151      -2.1205385    
   12.610000       275.72034      -2.0815217    
   12.780000       275.67841      -2.0940754    
   12.950000       275.63596      -2.0812011    
   13.120000       275.59390      -2.0385659    
   13.300000       275.55145      -2.0364578    
   13.480000       275.50854      -2.0352061    
   13.660000       275.46564      -2.0013697    
   13.840000       275.42227      -1.9880710    
   14.030000       275.37817      -2.0127118    
   14.220000       275.33414      -1.9643495    
   14.410000       275.28989      -1.9537766    
   14.600000       275.24600      -1.9230592    
   14.800000       275.20209      -1.8898276    
   15.000000       275.15808      -1.8645276    
   15.200000       275.11459      -1.8259832    
   15.400000       275.07214      -1.7575209    
   15.610000       275.03027      -1.7073193    
   15.820000       274.98914      -1.6588198    
   16.030001       274.94797      -1.6377275    
   16.240000       274.90674      -1.6208570    
   16.459999       274.86551      -1.5866805    
   16.680000       274.82440      -1.5736456    
   16.910000       274.78265      -1.5776494    
   17.129999       274.74194      -1.5121791    
   17.360001       274.70175      -1.4766413    
   17.600000       274.66125      -1.4665313    
   17.830000       274.62003      -1.4663668    
   18.070000       274.57794      -1.4860964    
   18.320000       274.53595      -1.4604076    
   18.559999       274.49445      -1.4219656    
   18.809999       274.45276      -1.4131771    
   19.059999       274.41077      -1.4066292    
   19.320000       274.37000      -1.3434714    
   19.580000       274.32983      -1.3100295    
   19.840000       274.29077      -1.2538576    
   20.110001       274.25253      -1.2131172    
   20.379999       274.21460      -1.1860094    
   20.650000       274.17749      -1.1415596    
   20.930000       274.14117      -1.1075709    
   21.209999       274.10590      -1.0579767    
   21.490000       274.07129      -1.0258856    
   21.780001       274.03732     -0.99482709    
   22.070000       274.00372     -0.97091001    
   22.370001       273.96857     -0.99848634    
   22.670000       273.93250      -1.0170397    
   22.980000       273.89658     -0.99454206    
   23.280001       273.86121     -0.96764815    
   23.600000       273.82693     -0.92561024    
   23.910000       273.79269     -0.91132301    
   24.230000       273.75934     -0.87665945    
   24.559999       273.72690     -0.84234399    
   24.889999       273.69473     -0.82184571    
   25.219999       273.66263     -0.81380868    
   25.559999       273.63068     -0.79484934    
   25.910000       273.59875     -0.78622365    
   26.250000       273.56650     -0.78262740    
   26.610001       273.53528     -0.74637592    
   26.959999       273.50464     -0.72498339    
   27.320000       273.47415     -0.71012890    
   27.690001       273.44342     -0.70815611    
   28.059999       273.41360     -0.67801863    
   28.440001       273.38409     -0.66102773    
   28.820000       273.35468     -0.65038615    
   29.209999       273.32587     -0.62885112    
   29.600000       273.29688     -0.62453330    
   30.000000       273.26785     -0.61531854    
   30.400000       273.23874     -0.61075580    
   30.809999       273.21063     -0.58104116    
   31.219999       273.18323     -0.55830342    
   31.639999       273.15674     -0.53477216    
   32.070000       273.13144     -0.50098544    
   32.500000       273.10785     -0.46306393    
   32.930000       273.08517     -0.43940660    
   33.369999       273.06299     -0.42314449    
   33.820000       273.04111     -0.41184625    
   34.279999       273.02014     -0.38992643    
   34.740002       273.00037     -0.36306474    
   35.200001       272.98230     -0.32765955    
   35.669998       272.96494     -0.30863878    
   36.150002       272.94769     -0.30466047    
   36.639999       272.93042     -0.30094174    
   37.130001       272.91333     -0.29226622    
   37.630001       272.89658     -0.28428233    
   38.130001       272.88010     -0.27493557    
   38.650002       272.86441     -0.25911745    
   39.160000       272.84894     -0.25162378    
   39.689999       272.83316     -0.25236878    
   40.220001       272.81879     -0.22869088    
   40.759998       272.80621     -0.19688977    
   41.310001       272.79434     -0.18260716    
   41.860001       272.78308     -0.17086147    
   42.430000       272.77182     -0.17025904    
   43.000000       272.76013     -0.17194258    
   43.570000       272.74854     -0.17020458    
   44.160000       272.73727     -0.16285923    
   44.750000       272.72568     -0.16453612    
   45.349998       272.71399     -0.16483206    
   45.959999       272.70230     -0.16129544    
   46.580002       272.69067     -0.15872949    
   47.200001       272.67999     -0.14554678    
   47.840000       272.67023     -0.12978084    
   48.480000       272.66141     -0.11576699    
   49.130001       272.65311     -0.10695301    
   49.790001       272.64581     -9.31626558E-02
   50.459999       272.63922     -8.36609453E-02
   51.130001       272.63364     -6.98687807E-02
   51.820000       272.62906     -5.65958433E-02
   52.509998       272.62628     -3.33847143E-02
   53.220001       272.62561     -7.97800533E-03
   53.930000       272.62634      9.24642757E-03
   54.660000       272.62811      1.92212649E-02
   55.389999       272.63000      2.29851659E-02
   56.139999       272.63147      1.61488261E-02
   56.889999       272.63287      1.57226287E-02
   57.650002       272.63605      3.46029289E-02
   58.430000       272.64008      4.44553345E-02
   59.209999       272.64413      4.42083776E-02
   60.009998       272.64807      4.11523581E-02
   60.810001       272.65195      4.01917174E-02
   61.630001       272.65469      2.89110914E-02
   62.450001       272.65701      2.32966281E-02
   63.290001       272.66095      4.03437130E-02
   64.139999       272.66663      5.60182370E-02
   65.000000       272.67319      6.41586408E-02
   65.879997       272.68207      8.55059102E-02
   66.760002       272.69153      9.09950584E-02
   67.660004       272.70053      8.44175965E-02
   68.559998       272.70959      8.43733922E-02
   69.480003       272.71967      9.28597897E-02
   70.419998       272.73209      0.11233276    
   71.360001       272.74741      0.13595502    
   72.320000       272.76422      0.14825353    
   73.290001       272.78244      0.15881011    
   74.269997       272.80347      0.18010002    
   75.269997       272.82693      0.19908740    
   76.279999       272.85266      0.21466169    
   77.309998       272.88095      0.23294774    
   78.339996       272.91486      0.27574444    
   79.389999       272.95404      0.31498554    
   80.459999       272.99719      0.34147653    
   81.540001       273.04224      0.35209790    
   82.629997       273.08777      0.35105410    
   83.739998       273.13315      0.34546760    
   84.870003       273.17880      0.34287855    
   86.010002       273.22461      0.33902022    
   87.160004       273.26938      0.32679737    
   88.330002       273.31268      0.31295767    
   89.519997       273.35400      0.29400635    
   90.720001       273.39474      0.28600910    
   91.940002       273.43500      0.27867889    
   93.169998       273.47385      0.26567811    
   94.419998       273.51154      0.25485897    
   95.690002       273.54782      0.24143201    
   96.970001       273.58151      0.22119339    
   98.269997       273.61328      0.20588154    
   99.589996       273.64270      0.18853031    
   100.90000       273.67078      0.17690061    
   102.30000       273.69693      0.16352776    
   103.70000       273.72244      0.15678100    
   105.00000       273.74609      0.14283977    
   106.50000       273.76718      0.12651940    
   107.90000       273.78699      0.11693186    
   109.30000       273.80518      0.10611714    
   110.80000       273.82089      9.05877873E-02
   112.30000       273.83286      6.76718950E-02
   113.80000       273.84109      4.62160110E-02
   115.30000       273.84689      3.16774249E-02
   116.90000       273.84961      1.50803905E-02
   118.40000       273.84915     -2.41589686E-03
   120.00000       273.84482     -2.32308321E-02
   121.60000       273.83643     -4.39482704E-02
   123.30000       273.82324     -6.82473779E-02
   124.90000       273.80539     -9.08035636E-02
   126.60000       273.78406     -0.10731949    
   128.30000       273.75778     -0.13072221    
   130.00000       273.72592     -0.15600197    
   131.80000       273.68646     -0.19098803    
   133.50000       273.63956     -0.22355494    
   135.30000       273.58655     -0.24978951    
   137.20000       273.52872     -0.26836824    
   139.00000       273.46506     -0.29181811    
   140.89999       273.39343     -0.32440144    
   142.70000       273.31409     -0.35381973    
   144.70000       273.22351     -0.39905778    
   146.60001       273.12366     -0.43410304    
   148.60001       273.01590     -0.46197769    
   150.60001       272.89752     -0.50084436    
   152.60001       272.77051     -0.53007960    
   154.60001       272.63129     -0.57380986    
   156.70000       272.48267     -0.60446334    
   158.80000       272.32379     -0.63739252    
   160.89999       272.15552     -0.66594392    
   163.10001       271.97223     -0.71577412    
   165.30000       271.77560     -0.75821692    
   167.50000       271.56223     -0.81144875    
   169.80000       271.32800     -0.87935477    
   172.00000       271.07782     -0.92624551    
   174.39999       270.81213     -0.97111720    
   176.70000       270.53061      -1.0152693    
   179.10001       270.23166      -1.0635026    
   181.50000       269.92426      -1.0790956    
   183.89999       269.59854      -1.1291562    
   186.39999       269.24915      -1.1942390    
   188.89999       268.88187      -1.2387577    
   191.39999       268.48389      -1.3248252    
   194.00000       268.05667      -1.4034809    
   196.60001       267.59677      -1.4904585    
   199.20000       267.11603      -1.5378282    
   201.89999       266.60611      -1.6091957    
   204.60001       266.07605      -1.6508964    
   207.39999       265.52036      -1.7070259    
   210.10001       264.94656      -1.7399023    
   213.00000       264.33725      -1.8227131    
   215.80000       263.69693      -1.8908898    
   218.70000       263.04541      -1.8979237    
   221.60001       262.37231      -1.9352369    
   224.60001       261.68567      -1.9473113    
   227.60001       260.98096      -1.9723316    
   230.70000       260.25162      -2.0146413    
   233.80000       259.50583      -2.0323777    
   236.89999       258.74002      -2.0594745    
   240.10001       257.94806      -2.1017940    
   243.30000       257.15143      -2.0858562    
   246.60001       256.33130      -2.1190937    
   249.89999       255.48251      -2.1641302    
   253.30000       254.62132      -2.1668329    
   256.70001       253.73204      -2.2073143    
   260.10001       252.82452      -2.2230649    
   263.60001       251.89337      -2.2509856    
   267.10001       250.95755      -2.2320561    
   270.70001       250.01245      -2.2242868    
   274.39999       249.05106      -2.2325568    
   278.00000       248.06145      -2.2683089    
   281.79999       247.05070      -2.2854891    
   285.60001       246.02187      -2.2956531    
   289.39999       244.97702      -2.3005657    
   293.29999       243.89418      -2.3527043    
   297.20001       242.78557      -2.3763757    
   301.20001       241.65240      -2.3972712    
   305.20001       240.52324      -2.3568513    
   309.29999       239.36954      -2.3766043    
   313.50000       238.18889      -2.3996444    
   317.70001       237.00281      -2.3785717    
   322.00000       235.79135      -2.3978500    
   326.29999       234.57553      -2.3739951    
   330.70001       233.35336      -2.3552654    
   335.10001       232.11145      -2.3610303    
   339.60001       230.86261      -2.3430922    
   344.20001       229.58223      -2.3705053    
   348.79999       228.29634      -2.3493900    
   353.50000       226.98213      -2.3687794    
   358.20001       225.64618      -2.3765671    
   363.00000       224.25969      -2.4335768    
   367.89999       222.83755      -2.4633710    
   372.79999       221.35114      -2.5403957    
   377.79999       219.82840      -2.5675068    
   382.89999       218.30740      -2.5312080    
   388.00000       216.83009      -2.4260757    
   393.20001       215.35646      -2.3872695    
   398.50000       213.88536      -2.3523018    
   403.89999       212.41179      -2.3247075    
   409.29999       210.89854      -2.3558161    
   414.79999       209.31192      -2.4371541    
   420.39999       207.65076      -2.5182052    
   426.00000       205.91768      -2.5918586    
   431.70001       204.15143      -2.6067660    
   437.50000       202.37053      -2.5939355    
   443.39999       200.58212      -2.5697610    
   449.29999       198.77759      -2.5589907    
   455.39999       197.02196      -2.4566379    
   461.50000       195.33461      -2.3297791    
   467.70001       193.68315      -2.2497466    
   473.89999       192.03099      -2.2211952    
   480.29999       190.35245      -2.2269506    
   486.79999       188.61644      -2.2723694    
   493.29999       186.83705      -2.2982059    
   499.89999       185.03671      -2.2947607    
   506.60001       183.19543      -2.3157439    
   513.40002       181.32860      -2.3168466    
   520.29999       179.43642      -2.3168392    
   527.29999       177.50984      -2.3279843    
   534.40002       175.56274      -2.3218908    
   541.50000       173.58925      -2.3218937    
   548.79999       171.58900      -2.3221719    
   556.20001       169.56818      -2.3152120    
   563.59998       167.50200      -2.3355069    
   571.20001       165.40985      -2.3339012    
   578.90002       163.30847      -2.3129582    
   586.59998       161.21907      -2.2693565    
   594.50000       159.12404      -2.2450302    
   602.50000       157.03906      -2.2049825    
   610.59998       154.96417      -2.1651695    
   618.79999       152.90198      -2.1237011    
   627.09998       150.89694      -2.0371439    
   635.50000       148.90797      -1.9941938    
   644.00000       146.95204      -1.9350245    
   652.70001       145.00537      -1.9003677    
   661.40002       143.07985      -1.8547709    
   670.29999       141.09253      -1.8890868    
   679.29999       139.04549      -1.9198648    
   688.40002       136.98860      -1.9037625    
   697.70001       134.87155      -1.9335593    
   707.00000       132.71793      -1.9406563    
   716.50000       130.52364      -1.9513499    
   726.09998       128.26970      -1.9776590    
   735.90002       125.93246      -2.0235832    
   745.79999       123.54954      -2.0360630    
   755.79999       121.14011      -2.0311115    
   765.90002       118.74435      -1.9930223    
   776.20001       116.36243      -1.9552262    
   786.59998       113.89563      -1.9980260    
   797.20001       111.39497      -1.9985909    
   807.90002       108.91427      -1.9565587    
   818.70001       106.40711      -1.9511638    
   829.70001       103.89349      -1.9301913    
   840.90002       101.35928      -1.9204460    
   852.09998       98.852379      -1.8743750    
   863.59998       96.344933      -1.8500173    
   875.20001       93.948921      -1.7443228    
   886.90002       91.290009      -1.9101762    
   898.79999       88.061714      -2.2886341    
   910.90002       84.748726      -2.3173387    
   923.09998       81.368134      -2.3332973    
   935.50000       77.928040      -2.3431165    
   948.09998       74.315445      -2.4278920    
   960.79999       70.562759      -2.4885514    
   973.70001       66.650551      -2.5601330    
   986.79999       62.315796      -2.7991030    
  1000.00000       56.969135      -3.4066420    
