  0.20800000       284.08331       0.0000000    
  0.23700000       283.94849      -39.239635    
  0.27100000       283.88013      -16.970217    
  0.31000000       283.81882      -13.271575    
  0.35400000       283.75772      -11.705658    
  0.40400001       283.69342      -10.848277    
  0.46200001       283.62314      -10.238789    
  0.52800000       283.54523      -9.9569101    
  0.60299999       283.45901      -9.7039289    
  0.68900001       283.36197      -9.5176077    
  0.78700000       283.25137      -9.5304184    
  0.89999998       283.12338      -9.5545263    
   1.0280000       282.97440      -9.8208065    
   1.1750000       282.80374      -9.8008671    
   1.3420000       282.60898      -9.8407660    
   1.5340000       282.38562      -9.8189678    
   1.7530000       282.13980      -9.4713631    
   2.0030000       281.87381      -8.9789677    
   2.2880001       281.58536      -8.5420589    
   2.6150000       281.28110      -7.8517823    
   2.9870000       280.96310      -7.2131100    
   3.4140000       280.62891      -6.6059175    
   3.9000001       280.27631      -6.1227503    
   4.4569998       279.90222      -5.6665382    
   5.0920000       279.51331      -5.1690793    
   5.8189998       279.12405      -4.5180955    
   6.6490002       278.74347      -3.8697224    
   7.5970001       278.36133      -3.4019425    
   8.6809998       277.96655      -3.0731318    
   9.9189997       277.56870      -2.7127316    
   10.050000       277.52927      -2.4995093    
   10.190000       277.49005      -2.4500949    
   10.320000       277.45016      -2.4747508    
   10.460000       277.41058      -2.4049435    
   10.600000       277.37067      -2.4034283    
   10.750000       277.33060      -2.3678443    
   10.890000       277.29019      -2.3658824    
   11.040000       277.24960      -2.3461411    
   11.180000       277.20892      -2.3208244    
   11.330000       277.16809      -2.2964017    
   11.490000       277.12711      -2.2637343    
   11.640000       277.08594      -2.2550333    
   11.800000       277.04517      -2.2015703    
   11.950000       277.00385      -2.2085915    
   12.120000       276.96210      -2.1895416    
   12.280000       276.92023      -2.1794755    
   12.440000       276.87738      -2.1917064    
   12.610000       276.83472      -2.1586502    
   12.780000       276.79147      -2.1570361    
   12.950000       276.74722      -2.1705992    
   13.120000       276.70340      -2.1271787    
   13.300000       276.65924      -2.1147370    
   13.480000       276.61520      -2.0877161    
   13.660000       276.57169      -2.0298188    
   13.840000       276.52802      -2.0062962    
   14.030000       276.48419      -1.9996935    
   14.220000       276.44101      -1.9285244    
   14.410000       276.39810      -1.8945171    
   14.600000       276.35501      -1.8818388    
   14.800000       276.31216      -1.8457251    
   15.000000       276.26868      -1.8445630    
   15.200000       276.22592      -1.7965690    
   15.400000       276.18286      -1.7804570    
   15.610000       276.13861      -1.8031659    
   15.820000       276.09485      -1.7668591    
   16.030001       276.05194      -1.7104024    
   16.240000       276.00940      -1.6694953    
   16.459999       275.96719      -1.6268086    
   16.680000       275.92557      -1.5879821    
   16.910000       275.88416      -1.5644081    
   17.129999       275.84277      -1.5419750    
   17.360001       275.80148      -1.5144303    
   17.600000       275.75970      -1.5137144    
   17.830000       275.71881      -1.4548155    
   18.070000       275.67795      -1.4430655    
   18.320000       275.63788      -1.3899126    
   18.559999       275.59836      -1.3594289    
   18.809999       275.55899      -1.3335003    
   19.059999       275.51956      -1.3177828    
   19.320000       275.48022      -1.2979975    
   19.580000       275.44168      -1.2554954    
   19.840000       275.40417      -1.2026809    
   20.110001       275.36737      -1.1671389    
   20.379999       275.33130      -1.1308873    
   20.650000       275.29410      -1.1455159    
   20.930000       275.25681      -1.1346574    
   21.209999       275.22073      -1.0828503    
   21.490000       275.18506      -1.0581915    
   21.780001       275.14890      -1.0586258    
   22.070000       275.11349      -1.0233607    
   22.370001       275.07816      -1.0037553    
   22.670000       275.04248      -1.0035417    
   22.980000       275.00671     -0.99373436    
   23.280001       274.97067     -0.98458332    
   23.600000       274.93420     -0.98401827    
   23.910000       274.89877     -0.94474125    
   24.230000       274.86359     -0.92549837    
   24.559999       274.82825     -0.91540837    
   24.889999       274.79300     -0.90378988    
   25.219999       274.75708     -0.90834975    
   25.559999       274.72171     -0.87897635    
   25.910000       274.68707     -0.85176718    
   26.250000       274.65265     -0.83718687    
   26.610001       274.61923     -0.79881477    
   26.959999       274.58643     -0.77608216    
   27.320000       274.55377     -0.75977737    
   27.690001       274.52185     -0.73454666    
   28.059999       274.49115     -0.69779831    
   28.440001       274.46048     -0.68861437    
   28.820000       274.42975     -0.67912942    
   29.209999       274.40048     -0.63891435    
   29.600000       274.37186     -0.61634576    
   30.000000       274.34418     -0.58632058    
   30.400000       274.31720     -0.56722844    
   30.809999       274.29071     -0.54655147    
   31.219999       274.26437     -0.53796440    
   31.639999       274.23788     -0.53431028    
   32.070000       274.21201     -0.51260209    
   32.500000       274.18701     -0.49046379    
   32.930000       274.16293     -0.46635431    
   33.369999       274.13870     -0.46301344    
   33.820000       274.11472     -0.45155844    
   34.279999       274.09113     -0.43772647    
   34.740002       274.06754     -0.43367770    
   35.200001       274.04376     -0.42943734    
   35.669998       274.02087     -0.40868446    
   36.150002       273.99902     -0.38494614    
   36.639999       273.97775     -0.37101594    
   37.130001       273.95618     -0.36955810    
   37.630001       273.93466     -0.36417103    
   38.130001       273.91299     -0.36328432    
   38.650002       273.89230     -0.34085312    
   39.160000       273.87332     -0.30891040    
   39.689999       273.85535     -0.28793520    
   40.220001       273.83838     -0.26870525    
   40.759998       273.82230     -0.25105828    
   41.310001       273.80704     -0.23696595    
   41.860001       273.79184     -0.23035464    
   42.430000       273.77698     -0.22290166    
   43.000000       273.76288     -0.20945521    
   43.570000       273.74899     -0.20222808    
   44.160000       273.73453     -0.21005027    
   44.750000       273.72031     -0.20179057    
   45.349998       273.70773     -0.17648108    
   45.959999       273.69644     -0.15650834    
   46.580002       273.68585     -0.14438222    
   47.200001       273.67670     -0.12402862    
   47.840000       273.66849     -0.10879347    
   48.480000       273.66071     -0.10285781    
   49.130001       273.65314     -9.88049284E-02
   49.790001       273.64474     -0.10678479    
   50.459999       273.63614     -0.10872462    
   51.130001       273.62827     -9.84453261E-02
   51.820000       273.62119     -8.65289420E-02
   52.509998       273.61487     -7.63981342E-02
   53.220001       273.60959     -6.34555593E-02
   53.930000       273.60541     -4.98488583E-02
   54.660000       273.60153     -4.48741652E-02
   55.389999       273.59894     -2.99334768E-02
   56.139999       273.59760     -1.53142251E-02
   56.889999       273.59662     -1.08962040E-02
   57.650002       273.59692      3.70607129E-03
   58.430000       273.59818      1.39139351E-02
   59.209999       273.59940      1.26743838E-02
   60.009998       273.60126      1.92925110E-02
   60.810001       273.60410      2.96729095E-02
   61.630001       273.60754      3.58482897E-02
   62.450001       273.61148      4.04069014E-02
   63.290001       273.61493      3.50966789E-02
   64.139999       273.61847      3.49382982E-02
   65.000000       273.62381      5.22865802E-02
   65.879997       273.63159      7.54683465E-02
   66.760002       273.64014      8.17019418E-02
   67.660004       273.64853      7.87616819E-02
   68.559998       273.65842      9.21155587E-02
   69.480003       273.67007      0.10681191    
   70.419998       273.68170      0.10469641    
   71.360001       273.69370      0.10751364    
   72.320000       273.70880      0.13290910    
   73.290001       273.72665      0.15561216    
   74.269997       273.74530      0.15908091    
   75.269997       273.76428      0.16083407    
   76.279999       273.78384      0.16326328    
   77.309998       273.80472      0.17249498    
   78.339996       273.82892      0.19663072    
   79.389999       273.85822      0.23535103    
   80.459999       273.89069      0.25702098    
   81.540001       273.92340      0.25586629    
   82.629997       273.95737      0.26165339    
   83.739998       273.99164      0.26116043    
   84.870003       274.02673      0.26336518    
   86.010002       274.06232      0.26322556    
   87.160004       274.09976      0.27334473    
   88.330002       274.14017      0.29220158    
   89.519997       274.18164      0.29490188    
   90.720001       274.22229      0.28559357    
   91.940002       274.26242      0.27780956    
   93.169998       274.30173      0.26903975    
   94.419998       274.33951      0.25500458    
   95.690002       274.37762      0.25335324    
   96.970001       274.41583      0.25138280    
   98.269997       274.45200      0.23466305    
   99.589996       274.48627      0.21891055    
   100.90000       274.51794      0.20010966    
   102.30000       274.54874      0.19202483    
   103.70000       274.57809      0.18005005    
   105.00000       274.60651      0.17293739    
   106.50000       274.63428      0.16635790    
   107.90000       274.66000      0.15139954    
   109.30000       274.68262      0.13209455    
   110.80000       274.70166      0.10957741    
   112.30000       274.71814      9.32788178E-02
   113.80000       274.73132      7.40852430E-02
   115.30000       274.74088      5.23730442E-02
   116.90000       274.74722      3.49291041E-02
   118.40000       274.75110      2.06730161E-02
   120.00000       274.75180      3.69505724E-03
   121.60000       274.74924     -1.34252235E-02
   123.30000       274.74258     -3.45412679E-02
   124.90000       274.73068     -6.07318133E-02
   126.60000       274.71481     -7.97351822E-02
   128.30000       274.69489     -9.91897658E-02
   130.00000       274.66995     -0.12196918    
   131.80000       274.64011     -0.14413677    
   133.50000       274.60623     -0.16177741    
   135.30000       274.56613     -0.18899050    
   137.20000       274.51865     -0.22011814    
   139.00000       274.46210     -0.25955513    
   140.89999       274.39407     -0.30763671    
   142.70000       274.31812     -0.33916885    
   144.70000       274.23099     -0.38334671    
   146.60001       274.13351     -0.42378455    
   148.60001       274.02563     -0.46275079    
   150.60001       273.90735     -0.50039250    
   152.60001       273.77582     -0.54950082    
   154.60001       273.63245     -0.59071755    
   156.70000       273.47449     -0.64206547    
   158.80000       273.30295     -0.68809271    
   160.89999       273.11749     -0.73411560    
   163.10001       272.91919     -0.77480686    
   165.30000       272.70688     -0.81808329    
   167.50000       272.48077     -0.86008614    
   169.80000       272.23849     -0.90970087    
   172.00000       271.98154     -0.95152688    
   174.39999       271.70691      -1.0034847    
   176.70000       271.41452      -1.0546403    
   179.10001       271.10526      -1.1003102    
   181.50000       270.78915      -1.1097640    
   183.89999       270.46704      -1.1160798    
   186.39999       270.13867      -1.1225680    
   188.89999       269.79953      -1.1438899    
   191.39999       269.45114      -1.1597850    
   194.00000       269.09067      -1.1841638    
   196.60001       268.71112      -1.2300048    
   199.20000       268.31613      -1.2636256    
   201.89999       267.88828      -1.3502131    
   204.60001       267.42456      -1.4440193    
   207.39999       266.93875      -1.4924948    
   210.10001       266.42673      -1.5526763    
   213.00000       265.89990      -1.5761201    
   215.80000       265.35156      -1.6189355    
   218.70000       264.78989      -1.6363962    
   221.60001       264.20169      -1.6913252    
   224.60001       263.59476      -1.7207624    
   227.60001       262.96210      -1.7710845    
   230.70000       262.31400      -1.7901677    
   233.80000       261.65573      -1.7939361    
   236.89999       260.99063      -1.7886561    
   240.10001       260.31128      -1.8026589    
   243.30000       259.62579      -1.7949232    
   246.60001       258.90564      -1.8608245    
   249.89999       258.16608      -1.8856251    
   253.30000       257.39255      -1.9461756    
   256.70001       256.60834      -1.9464518    
   260.10001       255.81339      -1.9475284    
   263.60001       254.99471      -1.9790822    
   267.10001       254.16069      -1.9893575    
   270.70001       253.31473      -1.9908282    
   274.39999       252.44928      -2.0096705    
   278.00000       251.56810      -2.0197861    
   281.79999       250.65433      -2.0663040    
   285.60001       249.70268      -2.1234937    
   289.39999       248.70419      -2.1983550    
   293.29999       247.66095      -2.2667663    
   297.20001       246.56975      -2.3390009    
   301.20001       245.44023      -2.3895972    
   305.20001       244.27675      -2.4286201    
   309.29999       243.11069      -2.4017646    
   313.50000       241.95827      -2.3424182    
   317.70001       240.84227      -2.2380736    
   322.00000       239.71220      -2.2365942    
   326.29999       238.50867      -2.3499959    
   330.70001       237.22421      -2.4753852    
   335.10001       235.86775      -2.5787146    
   339.60001       234.47226      -2.6183162    
   344.20001       233.06694      -2.6018641    
   348.79999       231.72160      -2.4580553    
   353.50000       230.38126      -2.4158058    
   358.20001       229.01657      -2.4277904    
   363.00000       227.65854      -2.3834922    
   367.89999       226.27983      -2.3882036    
   372.79999       224.89229      -2.3713582    
   377.79999       223.49316      -2.3591063    
   382.89999       222.06987      -2.3685842    
   388.00000       220.64676      -2.3370407    
   393.20001       219.18436      -2.3692780    
   398.50000       217.77876      -2.2473569    
   403.89999       216.40974      -2.1599033    
   409.29999       215.05754      -2.1050029    
   414.79999       213.67432      -2.1246986    
   420.39999       212.31470      -2.0610785    
   426.00000       210.93527      -2.0628951    
   431.70001       209.52393      -2.0830235    
   437.50000       208.04259      -2.1575797    
   443.39999       206.46291      -2.2699747    
   449.29999       204.76820      -2.4031641    
   455.39999       203.00957      -2.4609690    
   461.50000       201.22534      -2.4634840    
   467.70001       199.40642      -2.4777894    
   473.89999       197.54703      -2.4998393    
   480.29999       195.68198      -2.4743562    
   486.79999       193.80585      -2.4559288    
   493.29999       191.90924      -2.4496083    
   499.89999       189.94359      -2.5054247    
   506.60001       187.87796      -2.5978835    
   513.40002       185.73042      -2.6651547    
   520.29999       183.59503      -2.6147089    
   527.29999       181.50310      -2.5278566    
   534.40002       179.45676      -2.4401138    
   541.50000       177.45462      -2.3555243    
   548.79999       175.45381      -2.3229244    
   556.20001       173.41823      -2.3321102    
   563.59998       171.37621      -2.3082111    
   571.20001       169.36356      -2.2451861    
   578.90002       167.20818      -2.3724356    
   586.59998       164.91899      -2.4863324    
   594.50000       162.53151      -2.5585477    
   602.50000       160.23099      -2.4328251    
   610.59998       158.01593      -2.3115401    
   618.79999       155.86264      -2.2173727    
   627.09998       153.88513      -2.0092201    
   635.50000       152.04704      -1.8429288    
   644.00000       150.24249      -1.7853185    
   652.70001       148.39577      -1.8027519    
   661.40002       146.41832      -1.9047993    
   670.29999       144.27115      -2.0410132    
   679.29999       141.94954      -2.1774082    
   688.40002       139.44095      -2.3218184    
   697.70001       136.77669      -2.4333217    
   707.00000       133.89597      -2.5958519    
   716.50000       130.79378      -2.7587178    
   726.09998       127.27740      -3.0853493    
   735.90002       123.31430      -3.4313283    
   745.79999       119.40235      -3.3423762    
   755.79999       115.63375      -3.1769009    
   765.90002       112.06558      -2.9684913    
   776.20001       108.54959      -2.8860359    
   786.59998       105.03394      -2.8475695    
   797.20001       101.59045      -2.7521865    
   807.90002       98.145470      -2.7170570    
   818.70001       94.732979      -2.6556940    
   829.70001       91.416336      -2.5468209    
   840.90002       88.227211      -2.4167838    
   852.09998       85.143875      -2.3053508    
   863.59998       82.103317      -2.2433665    
   875.20001       79.138702      -2.1582708    
   886.90002       74.632278      -3.2374370    
   898.79999       68.210480      -4.5526023    
   910.90002       62.648273      -3.8905973    
   923.09998       57.937981      -3.2510560    
   935.50000       53.806221      -2.8142254    
   948.09998       50.044266      -2.5282772    
   960.79999       46.525448      -2.3334577    
   973.70001       43.098385      -2.2426612    
   986.79999       39.618343      -2.2471819    
  1000.00000       35.531010      -2.6042593    
