  0.20800000       282.77322       0.0000000    
  0.23700000       282.63559      -40.050938    
  0.27100000       282.56598      -17.287962    
  0.31000000       282.50424      -13.366852    
  0.35400000       282.44351      -11.646465    
  0.40400001       282.38068      -10.607290    
  0.46200001       282.31302      -9.8330421    
  0.52800000       282.23895      -9.4800787    
  0.60299999       282.15631      -9.2963924    
  0.68900001       282.06317      -9.1371384    
  0.78700000       281.95685      -9.1549683    
  0.89999998       281.83408      -9.1738148    
   1.0280000       281.69125      -9.4134083    
   1.1750000       281.52698      -9.4297714    
   1.3420000       281.33835      -9.5332041    
   1.5340000       281.12128      -9.5394211    
   1.7530000       280.88095      -9.2616529    
   2.0030000       280.61945      -8.8287830    
   2.2880001       280.33401      -8.4513636    
   2.6150000       280.03134      -7.8120499    
   2.9870000       279.71323      -7.2162118    
   3.4140000       279.37756      -6.6342893    
   3.9000001       279.02490      -6.1235409    
   4.4569998       278.65469      -5.6088562    
   5.0920000       278.26941      -5.1206942    
   5.8189998       277.87726      -4.5525832    
   6.6490002       277.48224      -4.0155358    
   7.5970001       277.08313      -3.5524912    
   8.6809998       276.67429      -3.1832898    
   9.9189997       276.25800      -2.8376167    
   10.050000       276.21625      -2.6508677    
   10.190000       276.17401      -2.6397040    
   10.320000       276.13144      -2.6405151    
   10.460000       276.08871      -2.5983238    
   10.600000       276.04556      -2.5949168    
   10.750000       276.00272      -2.5330484    
   10.890000       275.95901      -2.5597458    
   11.040000       275.91568      -2.5042403    
   11.180000       275.87164      -2.5098498    
   11.330000       275.82813      -2.4505463    
   11.490000       275.78403      -2.4353807    
   11.640000       275.73981      -2.4200568    
   11.800000       275.69510      -2.4166455    
   11.950000       275.65051      -2.3847730    
   12.120000       275.60590      -2.3348382    
   12.280000       275.56113      -2.3348742    
   12.440000       275.51672      -2.2721918    
   12.610000       275.47256      -2.2287395    
   12.780000       275.42822      -2.2158616    
   12.950000       275.38333      -2.1998489    
   13.120000       275.33859      -2.1734223    
   13.300000       275.29315      -2.1787508    
   13.480000       275.24789      -2.1477091    
   13.660000       275.20303      -2.0867040    
   13.840000       275.15729      -2.0977125    
   14.030000       275.11169      -2.0821617    
   14.220000       275.06622      -2.0303268    
   14.410000       275.01993      -2.0451257    
   14.600000       274.97360      -2.0254579    
   14.800000       274.92752      -1.9862818    
   15.000000       274.88141      -1.9558042    
   15.200000       274.83521      -1.9370801    
   15.400000       274.78912      -1.9078526    
   15.610000       274.74231      -1.9095676    
   15.820000       274.69522      -1.8987564    
   16.030001       274.64948      -1.8233526    
   16.240000       274.60361      -1.7986697    
   16.459999       274.55875      -1.7290267    
   16.680000       274.51340      -1.7299391    
   16.910000       274.46848      -1.7034532    
   17.129999       274.42303      -1.6888188    
   17.360001       274.37823      -1.6441888    
   17.600000       274.33368      -1.6132582    
   17.830000       274.28961      -1.5698164    
   18.070000       274.24579      -1.5454496    
   18.320000       274.20230      -1.5111963    
   18.559999       274.15872      -1.4949704    
   18.809999       274.11472      -1.4899899    
   19.059999       274.07086      -1.4691513    
   19.320000       274.02667      -1.4571829    
   19.580000       273.98291      -1.4264274    
   19.840000       273.93933      -1.3968307    
   20.110001       273.89548      -1.3935323    
   20.379999       273.85190      -1.3589274    
   20.650000       273.80826      -1.3454269    
   20.930000       273.76370      -1.3583989    
   21.209999       273.71933      -1.3328819    
   21.490000       273.67511      -1.3084102    
   21.780001       273.63147      -1.2799259    
   22.070000       273.58844      -1.2418824    
   22.370001       273.54575      -1.2151496    
   22.670000       273.50272      -1.2095054    
   22.980000       273.45996      -1.1851829    
   23.280001       273.41727      -1.1687303    
   23.600000       273.37537      -1.1327765    
   23.910000       273.33478      -1.0788875    
   24.230000       273.29510      -1.0435652    
   24.559999       273.25604      -1.0144134    
   24.889999       273.21786     -0.97531593    
   25.219999       273.17993     -0.96078485    
   25.559999       273.14215     -0.93806458    
   25.910000       273.10522     -0.91081458    
   26.250000       273.06927     -0.87414420    
   26.610001       273.03305     -0.86606574    
   26.959999       272.99722     -0.84684950    
   27.320000       272.96246     -0.80837947    
   27.690001       272.92807     -0.79249662    
   28.059999       272.89365     -0.78244358    
   28.440001       272.85751     -0.80907267    
   28.820000       272.82095     -0.80842948    
   29.209999       272.78473     -0.79149151    
   29.600000       272.74942     -0.75981575    
   30.000000       272.71396     -0.75166565    
   30.400000       272.67902     -0.73387843    
   30.809999       272.64603     -0.68203557    
   31.219999       272.61520     -0.62847662    
   31.639999       272.58524     -0.60476923    
   32.070000       272.55646     -0.57078171    
   32.500000       272.52774     -0.56390816    
   32.930000       272.49936     -0.54809469    
   33.369999       272.47177     -0.52737904    
   33.820000       272.44385     -0.52602285    
   34.279999       272.41528     -0.53166324    
   34.740002       272.38687     -0.52042967    
   35.200001       272.36038     -0.48044577    
   35.669998       272.33618     -0.43134424    
   36.150002       272.31262     -0.41448587    
   36.639999       272.28995     -0.39535856    
   37.130001       272.26736     -0.38705337    
   37.630001       272.24588     -0.36434406    
   38.130001       272.22540     -0.34222695    
   38.650002       272.20563     -0.32487413    
   39.160000       272.18716     -0.30169678    
   39.689999       272.16977     -0.27863067    
   40.220001       272.15234     -0.27654421    
   40.759998       272.13504     -0.27032319    
   41.310001       272.11786     -0.26511571    
   41.860001       272.10028     -0.26715636    
   42.430000       272.08167     -0.27911085    
   43.000000       272.06308     -0.27629653    
   43.570000       272.04465     -0.26918229    
   44.160000       272.02676     -0.25791374    
   44.750000       272.01047     -0.23241577    
   45.349998       271.99484     -0.21968937    
   45.959999       271.98007     -0.20472494    
   46.580002       271.96707     -0.17716584    
   47.200001       271.95578     -0.15306818    
   47.840000       271.94528     -0.13888204    
   48.480000       271.93552     -0.12934840    
   49.130001       271.92609     -0.12088837    
   49.790001       271.91812     -0.10252691    
   50.459999       271.91083     -9.25834030E-02
   51.130001       271.90326     -9.46040377E-02
   51.820000       271.89627     -8.57693478E-02
   52.509998       271.89008     -7.50394017E-02
   53.220001       271.88428     -6.87484816E-02
   53.930000       271.87939     -5.82755208E-02
   54.660000       271.87451     -5.72283044E-02
   55.389999       271.86993     -5.18427417E-02
   56.139999       271.86676     -3.69786173E-02
   56.889999       271.86276     -4.36952785E-02
   57.650002       271.85727     -6.06823638E-02
   58.430000       271.85178     -6.06870428E-02
   59.209999       271.84637     -5.82049787E-02
   60.009998       271.84280     -3.81055437E-02
   60.810001       271.84113     -1.74841527E-02
   61.630001       271.84073     -3.25244851E-03
   62.450001       271.84149      7.03922985E-03
   63.290001       271.84329      1.82284731E-02
   64.139999       271.84695      3.70127857E-02
   65.000000       271.85211      4.96730134E-02
   65.879997       271.85818      5.85452989E-02
   66.760002       271.86511      6.74296543E-02
   67.660004       271.87360      7.92784244E-02
   68.559998       271.88348      9.16927606E-02
   69.480003       271.89478      0.10329755    
   70.419998       271.90826      0.12284864    
   71.360001       271.92310      0.13239753    
   72.320000       271.93781      0.12905298    
   73.290001       271.95264      0.12883826    
   74.269997       271.96909      0.14123669    
   75.269997       271.98822      0.16207963    
   76.279999       272.00998      0.18166548    
   77.309998       272.03226      0.18416385    
   78.339996       272.05667      0.19849466    
   79.389999       272.08337      0.21405368    
   80.459999       272.11139      0.22171856    
   81.540001       272.14133      0.23367509    
   82.629997       272.17380      0.25097820    
   83.739998       272.20755      0.25623667    
   84.870003       272.24274      0.26431730    
   86.010002       272.27902      0.26931483    
   87.160004       272.31784      0.28305373    
   88.330002       272.35837      0.29256967    
   89.519997       272.40143      0.30618888    
   90.720001       272.44598      0.31316864    
   91.940002       272.49207      0.31910160    
   93.169998       272.53815      0.31557292    
   94.419998       272.58502      0.31653625    
   95.690002       272.63055      0.30279395    
   96.970001       272.67349      0.28206748    
   98.269997       272.71564      0.27331656    
   99.589996       272.75580      0.25730735    
   100.90000       272.79361      0.23836829    
   102.30000       272.82803      0.21441688    
   103.70000       272.86111      0.20344076    
   105.00000       272.89279      0.19222012    
   106.50000       272.92267      0.17859466    
   107.90000       272.94955      0.15885615    
   109.30000       272.97330      0.13844009    
   110.80000       272.99283      0.11222169    
   112.30000       273.00998      9.73482952E-02
   113.80000       273.02536      8.61854106E-02
   115.30000       273.03830      7.16786236E-02
   116.90000       273.04858      5.59144281E-02
   118.40000       273.05573      3.84413972E-02
   120.00000       273.05914      1.78231504E-02
   121.60000       273.05759     -8.01442936E-03
   123.30000       273.05130     -3.21224071E-02
   124.90000       273.04089     -5.32835871E-02
   126.60000       273.02579     -7.60232434E-02
   128.30000       273.00534     -0.10142666    
   130.00000       272.97900     -0.12907526    
   131.80000       272.94748     -0.15234512    
   133.50000       272.91019     -0.17792645    
   135.30000       272.86813     -0.19788933    
   137.20000       272.82248     -0.21246476    
   139.00000       272.76901     -0.24484891    
   140.89999       272.70477     -0.29093185    
   142.70000       272.62897     -0.33795378    
   144.70000       272.54272     -0.38016814    
   146.60001       272.44440     -0.42729828    
   148.60001       272.33401     -0.47328275    
   150.60001       272.21149     -0.51841938    
   152.60001       272.07770     -0.55896890    
   154.60001       271.93228     -0.59915537    
   156.70000       271.76987     -0.66003299    
   158.80000       271.59738     -0.69236362    
   160.89999       271.41052     -0.73934615    
   163.10001       271.21051     -0.78112215    
   165.30000       270.99695     -0.82366467    
   167.50000       270.76959     -0.86439341    
   169.80000       270.52603     -0.91430503    
   172.00000       270.26776     -0.95639539    
   174.39999       269.99194      -1.0081433    
   176.70000       269.69965      -1.0541961    
   179.10001       269.39282      -1.0916251    
   181.50000       269.08057      -1.0960555    
   183.89999       268.75421      -1.1310602    
   186.39999       268.42719      -1.1178439    
   188.89999       268.08838      -1.1429530    
   191.39999       267.74374      -1.1473266    
   194.00000       267.37875      -1.1986158    
   196.60001       267.00470      -1.2123663    
   199.20000       266.60745      -1.2709668    
   201.89999       266.18729      -1.3259038    
   204.60001       265.72601      -1.4366022    
   207.39999       265.24310      -1.4833763    
   210.10001       264.73370      -1.5446079    
   213.00000       264.20624      -1.5780315    
   215.80000       263.66147      -1.6084661    
   218.70000       263.09332      -1.6551139    
   221.60001       262.51309      -1.6685283    
   224.60001       261.90088      -1.7359055    
   227.60001       261.28110      -1.7347277    
   230.70000       260.64661      -1.7527741    
   233.80000       259.99286      -1.7815952    
   236.89999       259.32703      -1.7905031    
   240.10001       258.66000      -1.7703170    
   243.30000       257.97235      -1.8003526    
   246.60001       257.26807      -1.8197089    
   249.89999       256.53760      -1.8624178    
   253.30000       255.77475      -1.9194776    
   256.70001       255.00217      -1.9177202    
   260.10001       254.22049      -1.9148042    
   263.60001       253.41827      -1.9391963    
   267.10001       252.58658      -1.9839070    
   270.70001       251.73970      -1.9929335    
   274.39999       250.87094      -2.0174363    
   278.00000       249.99910      -1.9982523    
   281.79999       249.09564      -2.0430467    
   285.60001       248.15349      -2.1023777    
   289.39999       247.15909      -2.1893747    
   293.29999       246.12425      -2.2484500    
   297.20001       245.05045      -2.3017278    
   301.20001       243.94102      -2.3471050    
   305.20001       242.79283      -2.3965664    
   309.29999       241.64240      -2.3697579    
   313.50000       240.51518      -2.2910531    
   317.70001       239.41936      -2.1976523    
   322.00000       238.29599      -2.2234209    
   326.29999       237.09991      -2.3354182    
   330.70001       235.81316      -2.4799116    
   335.10001       234.48167      -2.5311763    
   339.60001       233.09462      -2.6024473    
   344.20001       231.70894      -2.5655556    
   348.79999       230.35524      -2.4732571    
   353.50000       229.02530      -2.3970826    
   358.20001       227.68248      -2.3887646    
   363.00000       226.33083      -2.3725600    
   367.89999       224.96049      -2.3736198    
   372.79999       223.59317      -2.3367097    
   377.79999       222.18729      -2.3706086    
   382.89999       220.78569      -2.3323648    
   388.00000       219.35643      -2.3472176    
   393.20001       217.91666      -2.3324664    
   398.50000       216.51741      -2.2373130    
   403.89999       215.16832      -2.1285322    
   409.29999       213.81216      -2.1111629    
   414.79999       212.45499      -2.0846748    
   420.39999       211.10632      -2.0444660    
   426.00000       209.74138      -2.0412581    
   431.70001       208.35849      -2.0410397    
   437.50000       206.89191      -2.1359918    
   443.39999       205.32080      -2.2575624    
   449.29999       203.67619      -2.3322461    
   455.39999       201.94943      -2.4163153    
   461.50000       200.18953      -2.4299431    
   467.70001       198.39157      -2.4492686    
   473.89999       196.56485      -2.4558461    
   480.29999       194.70943      -2.4616873    
   486.79999       192.84204      -2.4443295    
   493.29999       190.95279      -2.4400527    
   499.89999       188.99321      -2.4977057    
   506.60001       186.94704      -2.5735428    
   513.40002       184.79071      -2.6760142    
   520.29999       182.62997      -2.6457982    
   527.29999       180.53804      -2.5277748    
   534.40002       178.49120      -2.4408174    
   541.50000       176.50177      -2.3405612    
   548.79999       174.47588      -2.3520250    
   556.20001       172.45276      -2.3178136    
   563.59998       170.41119      -2.3077056    
   571.20001       168.35916      -2.2890556    
   578.90002       166.19724      -2.3796899    
   586.59998       163.84206      -2.5580037    
   594.50000       161.43248      -2.5821469    
   602.50000       159.10066      -2.4659538    
   610.59998       156.86340      -2.3347263    
   618.79999       154.67964      -2.2487895    
   627.09998       152.71643      -1.9946924    
   635.50000       150.87366      -1.8475739    
   644.00000       149.07076      -1.7836831    
   652.70001       147.23318      -1.7938175    
   661.40002       145.27328      -1.8878819    
   670.29999       143.16043      -2.0084133    
   679.29999       140.87688      -2.1417422    
   688.40002       138.40715      -2.2857821    
   697.70001       135.73216      -2.4431460    
   707.00000       132.88976      -2.5613816    
   716.50000       129.79053      -2.7560153    
   726.09998       126.27616      -3.0836544    
   735.90002       122.31367      -3.4307349    
   745.79999       118.39857      -3.3451154    
   755.79999       114.65023      -3.1598108    
   765.90002       111.02480      -3.0161519    
   776.20001       107.49484      -2.8974807    
   786.59998       103.99915      -2.8314927    
   797.20001       100.54346      -2.7618546    
   807.90002       97.092567      -2.7217243    
   818.70001       93.678894      -2.6566191    
   829.70001       90.364372      -2.5451767    
   840.90002       87.203613      -2.3952899    
   852.09998       84.118263      -2.3068740    
   863.59998       81.081909      -2.2402544    
   875.20001       78.125343      -2.1524067    
   886.90002       73.634155      -3.2264888    
   898.79999       67.235634      -4.5361037    
   910.90002       61.704662      -3.8687491    
   923.09998       57.057972      -3.2071564    
   935.50000       52.944473      -2.8017936    
   948.09998       49.206436      -2.5121965    
   960.79999       45.715366      -2.3150620    
   973.70001       42.322876      -2.2200346    
   986.79999       38.883022      -2.2212281    
  1000.00000       34.872055      -2.5556035    
