  0.20800000       281.25000       0.0000000    
  0.23700000       281.11938      -38.001240    
  0.27100000       281.05331      -16.416786    
  0.31000000       280.99405      -12.817743    
  0.35400000       280.93558      -11.220259    
  0.40400001       280.87451      -10.292966    
  0.46200001       280.80841      -9.6229286    
  0.52800000       280.73547      -9.3219967    
  0.60299999       280.65448      -9.1209259    
  0.68900001       280.56293      -8.9773531    
  0.78700000       280.45923      -8.9310951    
  0.89999998       280.34085      -8.8390417    
   1.0280000       280.20483      -8.9690523    
   1.1750000       280.04825      -8.9920750    
   1.3420000       279.86685      -9.1663580    
   1.5340000       279.65689      -9.2300968    
   1.7530000       279.42368      -8.9870853    
   2.0030000       279.16916      -8.5881929    
   2.2880001       278.89120      -8.2320757    
   2.6150000       278.59598      -7.6187396    
   2.9870000       278.28503      -7.0547619    
   3.4140000       277.95688      -6.4855046    
   3.9000001       277.61288      -5.9722242    
   4.4569998       277.25427      -5.4345751    
   5.0920000       276.88174      -4.9508595    
   5.8189998       276.49890      -4.4433093    
   6.6490002       276.11133      -3.9404292    
   7.5970001       275.71716      -3.5089853    
   8.6809998       275.31100      -3.1620073    
   9.9189997       274.89368      -2.8449557    
   10.050000       274.85162      -2.6677868    
   10.190000       274.80945      -2.6398165    
   10.320000       274.76697      -2.6342273    
   10.460000       274.72464      -2.5709651    
   10.600000       274.68167      -2.5873036    
   10.750000       274.63922      -2.5063684    
   10.890000       274.59619      -2.5229504    
   11.040000       274.55356      -2.4627161    
   11.180000       274.51035      -2.4639604    
   11.330000       274.46750      -2.4077306    
   11.490000       274.42450      -2.3737307    
   11.640000       274.38120      -2.3737597    
   11.800000       274.33737      -2.3685460    
   11.950000       274.29318      -2.3628366    
   12.120000       274.24997      -2.2642977    
   12.280000       274.20544      -2.3175583    
   12.440000       274.16058      -2.2948592    
   12.610000       274.11557      -2.2784147    
   12.780000       274.06998      -2.2756250    
   12.950000       274.02420      -2.2475703    
   13.120000       273.97903      -2.1864092    
   13.300000       273.93326      -2.1950192    
   13.480000       273.88818      -2.1393182    
   13.660000       273.84314      -2.0979557    
   13.840000       273.79880      -2.0353668    
   14.030000       273.75397      -2.0431266    
   14.220000       273.70926      -1.9997336    
   14.410000       273.66339      -2.0234399    
   14.600000       273.61707      -2.0289431    
   14.800000       273.57053      -2.0021102    
   15.000000       273.52383      -1.9807652    
   15.200000       273.47699      -1.9674151    
   15.400000       273.43057      -1.9202287    
   15.610000       273.38470      -1.8672057    
   15.820000       273.33932      -1.8330220    
   16.030001       273.29434      -1.7923672    
   16.240000       273.24847      -1.7982994    
   16.459999       273.20230      -1.7812407    
   16.680000       273.15634      -1.7543236    
   16.910000       273.10925      -1.7803200    
   17.129999       273.06229      -1.7475032    
   17.360001       273.01529      -1.7220528    
   17.600000       272.96735      -1.7389753    
   17.830000       272.91968      -1.6948949    
   18.070000       272.87234      -1.6737902    
   18.320000       272.82480      -1.6509832    
   18.559999       272.77734      -1.6286972    
   18.809999       272.73044      -1.5883881    
   19.059999       272.68399      -1.5549954    
   19.320000       272.63721      -1.5423142    
   19.580000       272.59000      -1.5389457    
   19.840000       272.54315      -1.5043458    
   20.110001       272.49567      -1.5045930    
   20.379999       272.44846      -1.4754522    
   20.650000       272.40228      -1.4252087    
   20.930000       272.35608      -1.4048604    
   21.209999       272.31100      -1.3544762    
   21.490000       272.26636      -1.3236502    
   21.780001       272.22159      -1.3097646    
   22.070000       272.17664      -1.3011457    
   22.370001       272.13208      -1.2640216    
   22.670000       272.08856      -1.2256680    
   22.980000       272.04541      -1.1954428    
   23.280001       272.00250      -1.1719437    
   23.600000       271.95978      -1.1577976    
   23.910000       271.91757      -1.1222694    
   24.230000       271.87457      -1.1301550    
   24.559999       271.83298      -1.0812438    
   24.889999       271.79257      -1.0335227    
   25.219999       271.75159      -1.0345435    
   25.559999       271.71100      -1.0106859    
   25.910000       271.66998      -1.0090781    
   26.250000       271.62891      -1.0001035    
   26.610001       271.58823     -0.97213805    
   26.959999       271.54834     -0.94177818    
   27.320000       271.50937     -0.90912879    
   27.690001       271.47150     -0.87010074    
   28.059999       271.43375     -0.85992587    
   28.440001       271.39670     -0.82982153    
   28.820000       271.35934     -0.82582742    
   29.209999       271.32251     -0.80389065    
   29.600000       271.28705     -0.76331705    
   30.000000       271.25302     -0.72187996    
   30.400000       271.21939     -0.70485836    
   30.809999       271.18686     -0.67450082    
   31.219999       271.15436     -0.66207427    
   31.639999       271.12125     -0.66738766    
   32.070000       271.08890     -0.64215922    
   32.500000       271.05707     -0.62459999    
   32.930000       271.02603     -0.59984952    
   33.369999       270.99524     -0.58744699    
   33.820000       270.96542     -0.56339449    
   34.279999       270.93579     -0.55052197    
   34.740002       270.90698     -0.52768606    
   35.200001       270.87897     -0.50816572    
   35.669998       270.85086     -0.50049198    
   36.150002       270.82346     -0.48296630    
   36.639999       270.79706     -0.46061280    
   37.130001       270.77072     -0.45152107    
   37.630001       270.74622     -0.41535276    
   38.130001       270.72321     -0.38284254    
   38.650002       270.70181     -0.35246503    
   39.160000       270.68063     -0.34606716    
   39.689999       270.65924     -0.34211066    
   40.220001       270.63904     -0.32137933    
   40.759998       270.62067     -0.28640953    
   41.310001       270.60440     -0.25185195    
   41.860001       270.58810     -0.24770065    
   42.430000       270.57089     -0.25704128    
   43.000000       270.55261     -0.27232775    
   43.570000       270.53351     -0.27856618    
   44.160000       270.51367     -0.28624940    
   44.750000       270.49405     -0.27892429    
   45.349998       270.47470     -0.27216047    
   45.959999       270.45529     -0.26982701    
   46.580002       270.43646     -0.25724250    
   47.200001       270.41885     -0.23813547    
   47.840000       270.40204     -0.22328161    
   48.480000       270.38568     -0.21513021    
   49.130001       270.37009     -0.20274660    
   49.790001       270.35574     -0.18365285    
   50.459999       270.34283     -0.16299553    
   51.130001       270.33002     -0.15899226    
   51.820000       270.31659     -0.16546753    
   52.509998       270.30356     -0.15797620    
   53.220001       270.29126     -0.14777379    
   53.930000       270.27963     -0.13707529    
   54.660000       270.26804     -0.13521218    
   55.389999       270.25659     -0.13140497    
   56.139999       270.24588     -0.12200273    
   56.889999       270.23587     -0.11203159    
   57.650002       270.22681     -9.92054045E-02
   58.430000       270.21902     -8.56195837E-02
   59.209999       270.21262     -6.90523162E-02
   60.009998       270.20642     -6.56630322E-02
   60.810001       270.20041     -6.29075468E-02
   61.630001       270.19641     -4.08859327E-02
   62.450001       270.19522     -1.24647431E-02
   63.290001       270.19568      4.65492718E-03
   64.139999       270.19730      1.61892883E-02
   65.000000       270.20114      3.76606584E-02
   65.879997       270.20779      6.40911981E-02
   66.760002       270.21637      8.21635500E-02
   67.660004       270.22482      7.90267140E-02
   68.559998       270.23181      6.52990341E-02
   69.480003       270.23837      6.03313930E-02
   70.419998       270.24615      7.02220574E-02
   71.360001       270.25583      8.60598981E-02
   72.320000       270.26733      0.10143298    
   73.290001       270.28003      0.11060052    
   74.269997       270.29449      0.12382271    
   75.269997       270.30960      0.12760346    
   76.279999       270.32526      0.13143364    
   77.309998       270.34311      0.14669420    
   78.339996       270.36319      0.16355672    
   79.389999       270.38489      0.17361489    
   80.459999       270.40778      0.18195082    
   81.540001       270.43323      0.19829245    
   82.629997       270.46085      0.21298407    
   83.739998       270.49109      0.23079324    
   84.870003       270.52374      0.24491587    
   86.010002       270.55862      0.25833786    
   87.160004       270.59552      0.26952714    
   88.330002       270.63446      0.28075671    
   89.519997       270.67517      0.29045230    
   90.720001       270.71692      0.29299641    
   91.940002       270.76059      0.30224073    
   93.169998       270.80447      0.29986948    
   94.419998       270.84766      0.29192141    
   95.690002       270.88934      0.27724364    
   96.970001       270.93140      0.27619037    
   98.269997       270.97244      0.26635131    
   99.589996       271.01086      0.24605641    
   100.90000       271.04785      0.23388423    
   102.30000       271.08246      0.21491477    
   103.70000       271.11417      0.19548839    
   105.00000       271.14380      0.17973255    
   106.50000       271.17148      0.16514705    
   107.90000       271.19836      0.15881698    
   109.30000       271.22348      0.14642903    
   110.80000       271.24509      0.12433115    
   112.30000       271.26425      0.10894100    
   113.80000       271.28165      9.70528126E-02
   115.30000       271.29547      7.68270567E-02
   116.90000       271.30661      6.07041083E-02
   118.40000       271.31476      4.37503234E-02
   120.00000       271.31827      1.84083525E-02
   121.60000       271.31769     -2.81265751E-03
   123.30000       271.31363     -2.13565119E-02
   124.90000       271.30518     -4.28577289E-02
   126.60000       271.29257     -6.36908561E-02
   128.30000       271.27521     -8.61166641E-02
   130.00000       271.25238     -0.11174612    
   131.80000       271.22479     -0.13362131    
   133.50000       271.19150     -0.15859823    
   135.30000       271.15198     -0.18623875    
   137.20000       271.10522     -0.21693707    
   139.00000       271.04865     -0.25933975    
   140.89999       270.98227     -0.30072442    
   142.70000       270.90323     -0.35250074    
   144.70000       270.81320     -0.39640158    
   146.60001       270.71429     -0.43025601    
   148.60001       270.60565     -0.46551663    
   150.60001       270.48511     -0.51040703    
   152.60001       270.35358     -0.54904777    
   154.60001       270.20798     -0.60014665    
   156.70000       270.04803     -0.64996183    
   158.80000       269.87430     -0.69727665    
   160.89999       269.69043     -0.72765929    
   163.10001       269.49197     -0.77515113    
   165.30000       269.28119     -0.81267476    
   167.50000       269.05508     -0.85986125    
   169.80000       268.81830     -0.88865680    
   172.00000       268.56509     -0.93788284    
   174.39999       268.29599     -0.98341572    
   176.70000       268.00620      -1.0451205    
   179.10001       267.70682      -1.0649327    
   181.50000       267.39548      -1.0930513    
   183.89999       267.07617      -1.1068652    
   186.39999       266.74518      -1.1311880    
   188.89999       266.40945      -1.1325917    
   191.39999       266.05905      -1.1662147    
   194.00000       265.69568      -1.1939422    
   196.60001       265.32214      -1.2104932    
   199.20000       264.92365      -1.2747250    
   201.89999       264.49744      -1.3451543    
   204.60001       264.03940      -1.4264373    
   207.39999       263.55032      -1.5024083    
   210.10001       263.04633      -1.5283570    
   213.00000       262.51855      -1.5788500    
   215.80000       261.96710      -1.6283869    
   218.70000       261.40103      -1.6487160    
   221.60001       260.80920      -1.7018309    
   224.60001       260.19891      -1.7305473    
   227.60001       259.56348      -1.7786233    
   230.70000       258.91507      -1.7912954    
   233.80000       258.25833      -1.7893353    
   236.89999       257.59518      -1.7835718    
   240.10001       256.92261      -1.7847292    
   243.30000       256.22879      -1.8168144    
   246.60001       255.51740      -1.8382801    
   249.89999       254.77113      -1.9026512    
   253.30000       254.00516      -1.9271790    
   256.70001       253.21979      -1.9495089    
   260.10001       252.42247      -1.9529912    
   263.60001       251.61812      -1.9445688    
   267.10001       250.78700      -1.9824749    
   270.70001       249.94698      -1.9767051    
   274.39999       249.08746      -1.9960010    
   278.00000       248.22104      -1.9858898    
   281.79999       247.31599      -2.0465121    
   285.60001       246.37277      -2.1048133    
   289.39999       245.37939      -2.1872032    
   293.29999       244.34399      -2.2495813    
   297.20001       243.26697      -2.3085687    
   301.20001       242.15053      -2.3620918    
   305.20001       240.99605      -2.4097683    
   309.29999       239.84087      -2.3793340    
   313.50000       238.71001      -2.2987041    
   317.70001       237.60260      -2.2206662    
   322.00000       236.49164      -2.1989422    
   326.29999       235.28468      -2.3566504    
   330.70001       234.01384      -2.4490566    
   335.10001       232.67317      -2.5488977    
   339.60001       231.30687      -2.5632868    
   344.20001       229.91850      -2.5706320    
   348.79999       228.59047      -2.4264288    
   353.50000       227.26492      -2.3891621    
   358.20001       225.92522      -2.3832231    
   363.00000       224.57526      -2.3695116    
   367.89999       223.20406      -2.3751013    
   372.79999       221.82309      -2.3600745    
   377.79999       220.43002      -2.3489213    
   382.89999       219.02228      -2.3427377    
   388.00000       217.58376      -2.3622878    
   393.20001       216.12923      -2.3564746    
   398.50000       214.71529      -2.2608366    
   403.89999       213.35706      -2.1427970    
   409.29999       211.99493      -2.1205609    
   414.79999       210.63361      -2.0910656    
   420.39999       209.28247      -2.0481393    
   426.00000       207.91763      -2.0411081    
   431.70001       206.53633      -2.0386791    
   437.50000       205.07452      -2.1291020    
   443.39999       203.52261      -2.2299948    
   449.29999       201.86958      -2.3442101    
   455.39999       200.15500      -2.3991420    
   461.50000       198.40532      -2.4159844    
   467.70001       196.61725      -2.4357028    
   473.89999       194.80058      -2.4424434    
   480.29999       192.95555      -2.4478040    
   486.79999       191.09959      -2.4294548    
   493.29999       189.22398      -2.4224174    
   499.89999       187.29456      -2.4592545    
   506.60001       185.24475      -2.5780103    
   513.40002       183.12027      -2.6365311    
   520.29999       181.00670      -2.5880516    
   527.29999       178.92659      -2.5135143    
   534.40002       176.88705      -2.4320652    
   541.50000       174.90218      -2.3352609    
   548.79999       172.89116      -2.3347063    
   556.20001       170.84090      -2.3489110    
   563.59998       168.79153      -2.3165679    
   571.20001       166.72592      -2.3042912    
   578.90002       164.54295      -2.4027236    
   586.59998       162.15065      -2.5983942    
   594.50000       159.70091      -2.6251860    
   602.50000       157.33951      -2.4972043    
   610.59998       155.07779      -2.3602798    
   618.79999       152.88647      -2.2565169    
   627.09998       150.87746      -2.0411894    
   635.50000       149.01489      -1.8674486    
   644.00000       147.19075      -1.8047301    
   652.70001       145.32993      -1.8165270    
   661.40002       143.35657      -1.9008839    
   670.29999       141.18988      -2.0595560    
   679.29999       138.85434      -2.1904802    
   688.40002       136.35651      -2.3118529    
   697.70001       133.65965      -2.4630899    
   707.00000       130.78165      -2.5934224    
   716.50000       127.70667      -2.7345176    
   726.09998       124.18320      -3.0915942    
   735.90002       120.21276      -3.4376454    
   745.79999       116.29099      -3.3508508    
   755.79999       112.54379      -3.1588089    
   765.90002       108.95871      -2.9824932    
   776.20001       105.43437      -2.8929269    
   786.59998       101.94149      -2.8291709    
   797.20001       98.491013      -2.7577283    
   807.90002       95.071800      -2.6967399    
   818.70001       91.658989      -2.6559358    
   829.70001       88.350487      -2.5405681    
   840.90002       85.202187      -2.3858492    
   852.09998       82.137779      -2.2912052    
   863.59998       79.150185      -2.2042832    
   875.20001       76.227104      -2.1280370    
   886.90002       71.792480      -3.1858532    
   898.79999       65.506470      -4.4563379    
   910.90002       60.024704      -3.8343284    
   923.09998       55.436962      -3.1664739    
   935.50000       51.412563      -2.7411039    
   948.09998       47.724285      -2.4787562    
   960.79999       44.295441      -2.2738008    
   973.70001       40.991211      -2.1622725    
   986.79999       37.611835      -2.1821783    
  1000.00000       33.681992      -2.5039198    
