  0.20800000       270.02417       0.0000000    
  0.23700000       269.90402      -34.974876    
  0.27100000       269.84311      -15.121963    
  0.31000000       269.78812      -11.901816    
  0.35400000       269.73294      -10.569319    
  0.40400001       269.67450      -9.8642702    
  0.46200001       269.60999      -9.3969431    
  0.52800000       269.53790      -9.2182322    
  0.60299999       269.45721      -9.0687819    
  0.68900001       269.36545      -9.0103436    
  0.78700000       269.26114      -8.9861498    
  0.89999998       269.14301      -8.8213329    
   1.0280000       269.00763      -8.9195814    
   1.1750000       268.85300      -8.8795757    
   1.3420000       268.67477      -9.0077887    
   1.5340000       268.47006      -8.9950914    
   1.7530000       268.24402      -8.7141504    
   2.0030000       267.99954      -8.2514534    
   2.2880001       267.73441      -7.8495297    
   2.6150000       267.45267      -7.2733140    
   2.9870000       267.15479      -6.7560573    
   3.4140000       266.84027      -6.2162957    
   3.9000001       266.51086      -5.7200966    
   4.4569998       266.16714      -5.2084775    
   5.0920000       265.81018      -4.7435379    
   5.8189998       265.44330      -4.2583671    
   6.6490002       265.07300      -3.7649529    
   7.5970001       264.69302      -3.3832409    
   8.6809998       264.29678      -3.0845976    
   9.9189997       263.88162      -2.8302357    
   10.050000       263.83850      -2.7311053    
   10.190000       263.79590      -2.6658342    
   10.320000       263.75299      -2.6604042    
   10.460000       263.70941      -2.6459930    
   10.600000       263.66623      -2.6077874    
   10.750000       263.62253      -2.5733509    
   10.890000       263.57886      -2.5646479    
   11.040000       263.53506      -2.5280278    
   11.180000       263.49121      -2.5042427    
   11.330000       263.44745      -2.4569318    
   11.490000       263.40295      -2.4557564    
   11.640000       263.35849      -2.4374146    
   11.800000       263.31467      -2.3704956    
   11.950000       263.26999      -2.3858230    
   12.120000       263.22556      -2.3301020    
   12.280000       263.18100      -2.3178699    
   12.440000       263.13629      -2.2897327    
   12.610000       263.09225      -2.2255189    
   12.780000       263.04837      -2.1910419    
   12.950000       263.00406      -2.1735365    
   13.120000       262.95923      -2.1758113    
   13.300000       262.91412      -2.1609044    
   13.480000       262.86884      -2.1483550    
   13.660000       262.82330      -2.1218314    
   13.840000       262.77765      -2.0928552    
   14.030000       262.73203      -2.0830247    
   14.220000       262.68674      -2.0201418    
   14.410000       262.64078      -2.0319102    
   14.600000       262.59509      -1.9963156    
   14.800000       262.54913      -1.9789541    
   15.000000       262.50378      -1.9228824    
   15.200000       262.45761      -1.9409595    
   15.400000       262.41165      -1.8999161    
   15.610000       262.36551      -1.8818212    
   15.820000       262.31854      -1.8966392    
   16.030001       262.27200      -1.8536328    
   16.240000       262.22507      -1.8405838    
   16.459999       262.17813      -1.8094149    
   16.680000       262.13168      -1.7734846    
   16.910000       262.08527      -1.7559247    
   17.129999       262.03806      -1.7560365    
   17.360001       261.99005      -1.7615931    
   17.600000       261.94193      -1.7424271    
   17.830000       261.89471      -1.6835045    
   18.070000       261.84720      -1.6768831    
   18.320000       261.79916      -1.6661032    
   18.559999       261.75150      -1.6377687    
   18.809999       261.70340      -1.6281700    
   19.059999       261.65527      -1.6125495    
   19.320000       261.60611      -1.6189171    
   19.580000       261.55762      -1.5812141    
   19.840000       261.50903      -1.5586435    
   20.110001       261.46014      -1.5516878    
   20.379999       261.41208      -1.5010310    
   20.650000       261.36411      -1.4766191    
   20.930000       261.31625      -1.4604619    
   21.209999       261.26901      -1.4182440    
   21.490000       261.22226      -1.3824196    
   21.780001       261.17633      -1.3461455    
   22.070000       261.13150      -1.2949272    
   22.370001       261.08609      -1.2920089    
   22.670000       261.04141      -1.2567946    
   22.980000       260.99722      -1.2263937    
   23.280001       260.95190      -1.2387342    
   23.600000       260.90671      -1.2210352    
   23.910000       260.86160      -1.2019360    
   24.230000       260.81641      -1.1885722    
   24.559999       260.77173      -1.1601884    
   24.889999       260.72736      -1.1350409    
   25.219999       260.68347      -1.1081142    
   25.559999       260.63959      -1.0912976    
   25.910000       260.59625      -1.0681332    
   26.250000       260.55328      -1.0444803    
   26.610001       260.51022      -1.0298398    
   26.959999       260.46774      -1.0033659    
   27.320000       260.42551     -0.98432136    
   27.690001       260.38425     -0.94970804    
   28.059999       260.34241     -0.95025814    
   28.440001       260.30087     -0.93189651    
   28.820000       260.25900     -0.92598820    
   29.209999       260.21738     -0.90855324    
   29.600000       260.17712     -0.86504805    
   30.000000       260.13730     -0.84579128    
   30.400000       260.09747     -0.83630025    
   30.809999       260.05823     -0.81043488    
   31.219999       260.01981     -0.78435397    
   31.639999       259.98270     -0.74689430    
   32.070000       259.94537     -0.74001110    
   32.500000       259.90845     -0.72491515    
   32.930000       259.87204     -0.70531094    
   33.369999       259.83624     -0.68389475    
   33.820000       259.79993     -0.68369877    
   34.279999       259.76501     -0.64956874    
   34.740002       259.73111     -0.62167889    
   35.200001       259.69843     -0.59098887    
   35.669998       259.66745     -0.55334032    
   36.150002       259.63818     -0.51610279    
   36.639999       259.60959     -0.49757344    
   37.130001       259.58102     -0.48893127    
   37.630001       259.55457     -0.44839799    
   38.130001       259.52850     -0.43579906    
   38.650002       259.50232     -0.43205261    
   39.160000       259.47577     -0.43130669    
   39.689999       259.44888     -0.43142450    
   40.220001       259.42282     -0.41370979    
   40.759998       259.39752     -0.39481765    
   41.310001       259.37347     -0.37158293    
   41.860001       259.35068     -0.34640196    
   42.430000       259.32791     -0.34174672    
   43.000000       259.30493     -0.34139097    
   43.570000       259.28229     -0.33087197    
   44.160000       259.26001     -0.32116419    
   44.750000       259.23874     -0.30241597    
   45.349998       259.21765     -0.29669759    
   45.959999       259.19748     -0.28047976    
   46.580002       259.17780     -0.26789191    
   47.200001       259.15915     -0.25289166    
   47.840000       259.14108     -0.24069227    
   48.480000       259.12210     -0.24948074    
   49.130001       259.10291     -0.24779731    
   49.790001       259.08383     -0.24396427    
   50.459999       259.06485     -0.23994115    
   51.130001       259.04617     -0.23341075    
   51.820000       259.02707     -0.23436885    
   52.509998       259.00830     -0.22822922    
   53.220001       258.99152     -0.20141785    
   53.930000       258.97586     -0.18451452    
   54.660000       258.95966     -0.18868650    
   55.389999       258.94269     -0.19553307    
   56.139999       258.92673     -0.18105581    
   56.889999       258.91144     -0.17079595    
   57.650002       258.89554     -0.17602636    
   58.430000       258.87766     -0.19431764    
   59.209999       258.86057     -0.18411493    
   60.009998       258.84561     -0.15939672    
   60.810001       258.83206     -0.14149770    
   61.630001       258.81979     -0.12712915    
   62.450001       258.80972     -0.10306256    
   63.290001       258.80222     -7.52082616E-02
   64.139999       258.79639     -5.75705878E-02
   65.000000       258.79218     -4.21308801E-02
   65.879997       258.78867     -3.38528417E-02
   66.760002       258.78577     -2.75712125E-02
   67.660004       258.78418     -1.52274258E-02
   68.559998       258.78308     -9.25994478E-03
   69.480003       258.78281     -2.96554202E-03
   70.419998       258.78293      1.43756205E-03
   71.360001       258.78296     -1.52602326E-04
   72.320000       258.78210     -7.44280173E-03
   73.290001       258.78134     -6.70662289E-03
   74.269997       258.78241      9.06543992E-03
   75.269997       258.78436      1.69384032E-02
   76.279999       258.78674      1.96115635E-02
   77.309998       258.79114      3.59481871E-02
   78.339996       258.79764      5.35871089E-02
   79.389999       258.80560      6.37717992E-02
   80.459999       258.81372      6.37413263E-02
   81.540001       258.82120      5.88931665E-02
   82.629997       258.82965      6.53554201E-02
   83.739998       258.84055      8.23300108E-02
   84.870003       258.85327      9.61345807E-02
   86.010002       258.86850      0.11276484    
   87.160004       258.88516      0.12173056    
   88.330002       258.90247      0.12463627    
   89.519997       258.91916      0.11874145    
   90.720001       258.93445      0.10749871    
   91.940002       258.95105      0.11483468    
   93.169998       258.96973      0.12803525    
   94.419998       258.98886      0.12887987    
   95.690002       259.00806      0.12776054    
   96.970001       259.02765      0.12887819    
   98.269997       259.05057      0.14847064    
   99.589996       259.07663      0.16691819    
   100.90000       259.10229      0.16178650    
   102.30000       259.12729      0.15581165    
   103.70000       259.15060      0.14312892    
   105.00000       259.17252      0.13296114    
   106.50000       259.19257      0.12036616    
   107.90000       259.20984      0.10181142    
   109.30000       259.22403      8.24510008E-02
   110.80000       259.23572      6.76049218E-02
   112.30000       259.24384      4.58359569E-02
   113.80000       259.24966      3.29128914E-02
   115.30000       259.25354      2.11273227E-02
   116.90000       259.25433      4.44682315E-03
   118.40000       259.25272     -8.54349881E-03
   120.00000       259.24835     -2.35417709E-02
   121.60000       259.24185     -3.38314399E-02
   123.30000       259.23322     -4.45558019E-02
   124.90000       259.22028     -6.60330281E-02
   126.60000       259.20215     -9.14700702E-02
   128.30000       259.17926     -0.11337746    
   130.00000       259.15198     -0.13366848    
   131.80000       259.11823     -0.16324775    
   133.50000       259.07846     -0.18960430    
   135.30000       259.03247     -0.21678461    
   137.20000       258.97894     -0.24879515    
   139.00000       258.91684     -0.28435758    
   140.89999       258.84494     -0.32557821    
   142.70000       258.76416     -0.36025190    
   144.70000       258.67581     -0.38923115    
   146.60001       258.57846     -0.42310628    
   148.60001       258.46924     -0.46847534    
   150.60001       258.34412     -0.52957994    
   152.60001       258.20468     -0.58207405    
   154.60001       258.05164     -0.63062060    
   156.70000       257.88425     -0.68059427    
   158.80000       257.70004     -0.73882216    
   160.89999       257.49496     -0.81179577    
   163.10001       257.27136     -0.87337375    
   165.30000       257.02859     -0.93571639    
   167.50000       256.76773     -0.99216813    
   169.80000       256.48975      -1.0438539    
   172.00000       256.18863      -1.1150239    
   174.39999       255.86610      -1.1785258    
   176.70000       255.52446      -1.2322063    
   179.10001       255.15828      -1.3026940    
   181.50000       254.76883      -1.3674774    
   183.89999       254.36198      -1.4097509    
   186.39999       253.92297      -1.5005717    
   188.89999       253.46582      -1.5419469    
   191.39999       252.97908      -1.6203599    
   194.00000       252.46915      -1.6753089    
   196.60001       251.93942      -1.7165419    
   199.20000       251.39073      -1.7553465    
   201.89999       250.81668      -1.8116865    
   204.60001       250.22298      -1.8487917    
   207.39999       249.60919      -1.8857849    
   210.10001       248.96622      -1.9497024    
   213.00000       248.30217      -1.9864039    
   215.80000       247.61885      -2.0177147    
   218.70000       246.91437      -2.0522313    
   221.60001       246.18124      -2.1081095    
   224.60001       245.43234      -2.1236525    
   227.60001       244.67242      -2.1268597    
   230.70000       243.89688      -2.1422830    
   233.80000       243.09724      -2.1790063    
   236.89999       242.28737      -2.1780782    
   240.10001       241.46799      -2.1744881    
   243.30000       240.63342      -2.1851366    
   246.60001       239.76532      -2.2431505    
   249.89999       238.87910      -2.2594845    
   253.30000       237.97241      -2.2814002    
   256.70001       237.06351      -2.2560050    
   260.10001       236.13972      -2.2629721    
   263.60001       235.22099      -2.2209291    
   267.10001       234.29660      -2.2049813    
   270.70001       233.37260      -2.1744111    
   274.39999       232.45578      -2.1290421    
   278.00000       231.54643      -2.0842011    
   281.79999       230.61307      -2.1105719    
   285.60001       229.61685      -2.2229123    
   289.39999       228.56421      -2.3176358    
   293.29999       227.48708      -2.3404024    
   297.20001       226.36902      -2.3965998    
   301.20001       225.21504      -2.4413090    
   305.20001       224.01529      -2.5044265    
   309.29999       222.76627      -2.5726895    
   313.50000       221.48970      -2.5947638    
   317.70001       220.19095      -2.6046393    
   322.00000       218.86765      -2.6190004    
   326.29999       217.55724      -2.5585983    
   330.70001       216.23509      -2.5481493    
   335.10001       214.90652      -2.5256307    
   339.60001       213.59573      -2.4593492    
   344.20001       212.26744      -2.4593029    
   348.79999       210.92860      -2.4460990    
   353.50000       209.61478      -2.3680782    
   358.20001       208.29950      -2.3398249    
   363.00000       207.00104      -2.2791479    
   367.89999       205.70851      -2.2387834    
   372.79999       204.39401      -2.2465329    
   377.79999       203.06200      -2.2459798    
   382.89999       201.71231      -2.2460756    
   388.00000       200.34683      -2.2423313    
   393.20001       198.94417      -2.2724833    
   398.50000       197.52069      -2.2759616    
   403.89999       196.08054      -2.2722168    
   409.29999       194.59879      -2.3066478    
   414.79999       193.09212      -2.3142893    
   420.39999       191.53136      -2.3660159    
   426.00000       189.91867      -2.4117513    
   431.70001       188.28702      -2.4080768    
   437.50000       186.61446      -2.4361556    
   443.39999       184.92992      -2.4205661    
   449.29999       183.21715      -2.4288695    
   455.39999       181.46199      -2.4560237    
   461.50000       179.65132      -2.5000727    
   467.70001       177.80968      -2.5088201    
   473.89999       175.94470      -2.5072689    
   480.29999       174.04517      -2.5201287    
   486.79999       172.12927      -2.5079236    
   493.29999       170.19635      -2.4964633    
   499.89999       168.26338      -2.4638388    
   506.60001       166.35808      -2.3961518    
   513.40002       164.44179      -2.3782485    
   520.29999       162.53271      -2.3376577    
   527.29999       160.63448      -2.2936792    
   534.40002       158.72751      -2.2740266    
   541.50000       156.84482      -2.2149973    
   548.79999       154.94945      -2.2005041    
   556.20001       153.03911      -2.1886330    
   563.59998       151.14531      -2.1405978    
   571.20001       149.24408      -2.1209803    
   578.90002       147.33522      -2.1010094    
   586.59998       145.42023      -2.0798764    
   594.50000       143.51677      -2.0398228    
   602.50000       141.59604      -2.0312300    
   610.59998       139.67712      -2.0024960    
   618.79999       137.72873      -2.0064714    
   627.09998       135.73035      -2.0303445    
   635.50000       133.74886      -1.9867514    
   644.00000       131.76352      -1.9641268    
   652.70001       129.79510      -1.9215089    
   661.40002       127.79932      -1.9225206    
   670.29999       125.73825      -1.9591157    
   679.29999       123.65746      -1.9515591    
   688.40002       121.56009      -1.9412708    
   697.70001       119.47176      -1.9072551    
   707.00000       117.33377      -1.9266417    
   716.50000       115.16541      -1.9282389    
   726.09998       112.95729      -1.9374540    
   735.90002       110.70900      -1.9466214    
   745.79999       108.41373      -1.9610653    
   755.79999       106.12335      -1.9308342    
   765.90002       103.80729      -1.9267795    
   776.20001       101.45671      -1.9294393    
   786.59998       99.094955      -1.9129620    
   797.20001       96.702782      -1.9119045    
   807.90002       94.301208      -1.8941214    
   818.70001       91.868935      -1.8928655    
   829.70001       89.381836      -1.9098153    
   840.90002       86.870880      -1.9028537    
   852.09998       84.297981      -1.9237081    
   863.59998       81.719635      -1.9023466    
   875.20001       79.333771      -1.7369263    
   886.90002       76.852173      -1.7827984    
   898.79999       74.068558      -1.9733829    
   910.90002       71.114502      -2.0662713    
   923.09998       68.019287      -2.1363297    
   935.50000       64.781738      -2.2051589    
   948.09998       61.377007      -2.2881963    
   960.79999       57.824684      -2.3556781    
   973.70001       54.079742      -2.4506822    
   986.79999       50.024349      -2.6187029    
  1000.00000       45.281494      -3.0219254    
