  0.20800000       268.65005       0.0000000    
  0.23700000       268.52359      -36.807266    
  0.27100000       268.45908      -16.019012    
  0.31000000       268.40063      -12.626646    
  0.35400000       268.34222      -11.215515    
  0.40400001       268.28012      -10.486012    
  0.46200001       268.21118      -10.029644    
  0.52800000       268.13513      -9.7178965    
  0.60299999       268.05310      -9.2305326    
  0.68900001       267.96289      -8.8535938    
  0.78700000       267.86160      -8.7217932    
  0.89999998       267.74554      -8.6718998    
   1.0280000       267.61176      -8.8137140    
   1.1750000       267.45837      -8.8068905    
   1.3420000       267.28162      -8.9323378    
   1.5340000       267.07831      -8.9386616    
   1.7530000       266.85425      -8.6345015    
   2.0030000       266.61295      -8.1450720    
   2.2880001       266.35242      -7.7129192    
   2.6150000       266.07669      -7.1161566    
   2.9870000       265.78751      -6.5603538    
   3.4140000       265.48291      -6.0197406    
   3.9000001       265.16382      -5.5415106    
   4.4569998       264.83047      -5.0499578    
   5.0920000       264.48495      -4.5914655    
   5.8189998       264.13129      -4.1056128    
   6.6490002       263.77383      -3.6352479    
   7.5970001       263.40784      -3.2573519    
   8.6809998       263.03149      -2.9300978    
   9.9189997       262.64917      -2.6064067    
   10.050000       262.61124      -2.4045074    
   10.190000       262.57251      -2.4215848    
   10.320000       262.53323      -2.4350922    
   10.460000       262.49359      -2.4121618    
   10.600000       262.45392      -2.3882461    
   10.750000       262.41339      -2.3922462    
   10.890000       262.37262      -2.3883922    
   11.040000       262.33075      -2.4181385    
   11.180000       262.28891      -2.3907537    
   11.330000       262.24673      -2.3681898    
   11.490000       262.20370      -2.3789749    
   11.640000       262.16013      -2.3836875    
   11.800000       262.11636      -2.3664620    
   11.950000       262.07242      -2.3494692    
   12.120000       262.02826      -2.3143427    
   12.280000       261.98392      -2.3083382    
   12.440000       261.93909      -2.2930002    
   12.610000       261.89383      -2.2882223    
   12.780000       261.84830      -2.2754831    
   12.950000       261.80255      -2.2413619    
   13.120000       261.75702      -2.2080908    
   13.300000       261.71210      -2.1558228    
   13.480000       261.66669      -2.1557508    
   13.660000       261.62106      -2.1260498    
   13.840000       261.57596      -2.0679226    
   14.030000       261.53046      -2.0731115    
   14.220000       261.48517      -2.0237868    
   14.410000       261.43936      -2.0229609    
   14.600000       261.39297      -2.0277951    
   14.800000       261.34717      -1.9721733    
   15.000000       261.30182      -1.9255334    
   15.200000       261.25644      -1.9023160    
   15.400000       261.21121      -1.8734710    
   15.610000       261.16592      -1.8454225    
   15.820000       261.12018      -1.8463687    
   16.030001       261.07443      -1.8220446    
   16.240000       261.02859      -1.7998967    
   16.459999       260.98285      -1.7611908    
   16.680000       260.93771      -1.7226238    
   16.910000       260.89200      -1.7333356    
   17.129999       260.84607      -1.7052104    
   17.360001       260.80057      -1.6696266    
   17.600000       260.75436      -1.6736516    
   17.830000       260.70834      -1.6408811    
   18.070000       260.66122      -1.6606766    
   18.320000       260.61472      -1.6149870    
   18.559999       260.56851      -1.5880662    
   18.809999       260.52142      -1.5930076    
   19.059999       260.47476      -1.5666419    
   19.320000       260.42755      -1.5556844    
   19.580000       260.37997      -1.5479766    
   19.840000       260.33267      -1.5198336    
   20.110001       260.28589      -1.4825370    
   20.379999       260.23984      -1.4409398    
   20.650000       260.19379      -1.4164968    
   20.930000       260.14813      -1.3917749    
   21.209999       260.10159      -1.3969070    
   21.490000       260.05524      -1.3738489    
   21.780001       260.00980      -1.3323950    
   22.070000       259.96405      -1.3213511    
   22.370001       259.91882      -1.2849109    
   22.670000       259.87311      -1.2866311    
   22.980000       259.82767      -1.2597629    
   23.280001       259.78195      -1.2490354    
   23.600000       259.73566      -1.2529709    
   23.910000       259.68951      -1.2263315    
   24.230000       259.64362      -1.2074292    
   24.559999       259.59747      -1.1985848    
   24.889999       259.55127      -1.1810150    
   25.219999       259.50607      -1.1417543    
   25.559999       259.46259      -1.0831442    
   25.910000       259.41949      -1.0591657    
   26.250000       259.37753      -1.0206914    
   26.610001       259.33719     -0.96515554    
   26.959999       259.29663     -0.95836431    
   27.320000       259.25681     -0.92926913    
   27.690001       259.21756     -0.90211046    
   28.059999       259.17831     -0.89310610    
   28.440001       259.13876     -0.88415504    
   28.820000       259.09903     -0.88025415    
   29.209999       259.06021     -0.84666550    
   29.600000       259.02258     -0.81020302    
   30.000000       258.98474     -0.80296749    
   30.400000       258.94672     -0.79810095    
   30.809999       258.90918     -0.77579546    
   31.219999       258.87357     -0.72692204    
   31.639999       258.83817     -0.71311575    
   32.070000       258.80338     -0.69032878    
   32.500000       258.76907     -0.67406553    
   32.930000       258.73456     -0.66771978    
   33.369999       258.70056     -0.64955533    
   33.820000       258.66656     -0.63979626    
   34.279999       258.63315     -0.62132025    
   34.740002       258.59973     -0.61284530    
   35.200001       258.56613     -0.60863465    
   35.669998       258.53262     -0.59748620    
   36.150002       258.49911     -0.59034389    
   36.639999       258.46689     -0.56069857    
   37.130001       258.43631     -0.52553850    
   37.630001       258.40714     -0.49393547    
   38.130001       258.37875     -0.47386861    
   38.650002       258.35016     -0.47178963    
   39.160000       258.32086     -0.47630909    
   39.689999       258.29227     -0.45828256    
   40.220001       258.26480     -0.43676743    
   40.759998       258.23849     -0.41045189    
   41.310001       258.21432     -0.37256566    
   41.860001       258.19116     -0.35266542    
   42.430000       258.16721     -0.35934573    
   43.000000       258.14291     -0.35966802    
   43.570000       258.11954     -0.34221199    
   44.160000       258.09637     -0.33444124    
   44.750000       258.07266     -0.33743739    
   45.349998       258.04889     -0.33392844    
   45.959999       258.02530     -0.32726973    
   46.580002       258.00241     -0.31276095    
   47.200001       257.98053     -0.29598418    
   47.840000       257.95853     -0.29222026    
   48.480000       257.93576     -0.30008569    
   49.130001       257.91354     -0.28798175    
   49.790001       257.89136     -0.28369185    
   50.459999       257.87027     -0.26642665    
   51.130001       257.84998     -0.25246713    
   51.820000       257.82806     -0.27016225    
   52.509998       257.80597     -0.26789436    
   53.220001       257.78476     -0.25432783    
   53.930000       257.76385     -0.24622902    
   54.660000       257.74277     -0.24599154    
   55.389999       257.72208     -0.23772892    
   56.139999       257.70178     -0.23022808    
   56.889999       257.68167     -0.22576794    
   57.650002       257.66107     -0.22708711    
   58.430000       257.64078     -0.22169147    
   59.209999       257.62140     -0.20886777    
   60.009998       257.60281     -0.19706079    
   60.810001       257.58572     -0.17921838    
   61.630001       257.57034     -0.15849897    
   62.450001       257.55579     -0.14882021    
   63.290001       257.54282     -0.13045630    
   64.139999       257.53137     -0.11391901    
   65.000000       257.51913     -0.11986643    
   65.879997       257.50598     -0.12725726    
   66.760002       257.49301     -0.12389573    
   67.660004       257.47980     -0.12443877    
   68.559998       257.46753     -0.11351094    
   69.480003       257.45651     -0.10155195    
   70.419998       257.44620     -9.35554132E-02
   71.360001       257.43658     -8.54507759E-02
   72.320000       257.42807     -7.52639994E-02
   73.290001       257.42041     -6.69001937E-02
   74.269997       257.41470     -4.86292429E-02
   75.269997       257.41034     -3.62533964E-02
   76.279999       257.40579     -3.81834358E-02
   77.309998       257.40225     -2.95844357E-02
   78.339996       257.40155     -5.70883602E-03
   79.389999       257.40454      2.42180191E-02
   80.459999       257.40976      4.10078727E-02
   81.540001       257.41519      4.24934700E-02
   82.629997       257.42084      4.35247794E-02
   83.739998       257.42651      4.35509235E-02
   84.870003       257.43420      5.71134165E-02
   86.010002       257.44440      7.62715712E-02
   87.160004       257.45624      8.60903412E-02
   88.330002       257.46860      8.88020098E-02
   89.519997       257.48245      9.90769267E-02
   90.720001       257.49854      0.11260115    
   91.940002       257.51492      0.11417177    
   93.169998       257.53085      0.10851450    
   94.419998       257.54718      0.11012964    
   95.690002       257.56546      0.12187456    
   96.970001       257.58615      0.13603322    
   98.269997       257.60864      0.14542006    
   99.589996       257.63168      0.14761531    
   100.90000       257.65369      0.13923375    
   102.30000       257.67456      0.12980257    
   103.70000       257.69513      0.12669909    
   105.00000       257.71420      0.11568491    
   106.50000       257.73083      9.90570784E-02
   107.90000       257.74506      8.44019949E-02
   109.30000       257.75760      7.27989674E-02
   110.80000       257.76758      5.72876595E-02
   112.30000       257.77588      4.76078466E-02
   113.80000       257.78268      3.76863107E-02
   115.30000       257.78619      1.95230152E-02
   116.90000       257.78525     -5.26324892E-03
   118.40000       257.77991     -2.83064172E-02
   120.00000       257.77298     -3.69107835E-02
   121.60000       257.76538     -3.97302695E-02
   123.30000       257.75659     -4.56998162E-02
   124.90000       257.74643     -5.19716479E-02
   126.60000       257.73401     -6.22370690E-02
   128.30000       257.71750     -8.22380856E-02
   130.00000       257.69601     -0.10494966    
   131.80000       257.66815     -0.13502035    
   133.50000       257.63351     -0.16487895    
   135.30000       257.59271     -0.19222189    
   137.20000       257.54419     -0.22538039    
   139.00000       257.48727     -0.26114056    
   140.89999       257.41980     -0.30508232    
   142.70000       257.34299     -0.34287515    
   144.70000       257.25803     -0.37406740    
   146.60001       257.16431     -0.40744227    
   148.60001       257.05975     -0.44835305    
   150.60001       256.94171     -0.49947411    
   152.60001       256.80710     -0.56228042    
   154.60001       256.65726     -0.61746502    
   156.70000       256.49255     -0.66938794    
   158.80000       256.31189     -0.72499990    
   160.89999       256.11151     -0.79317719    
   163.10001       255.89508     -0.84514976    
   165.30000       255.65675     -0.91876978    
   167.50000       255.40092     -0.97296005    
   169.80000       255.12569      -1.0334239    
   172.00000       254.83623      -1.0717484    
   174.39999       254.52242      -1.1468315    
   176.70000       254.18814      -1.2056689    
   179.10001       253.82852      -1.2795365    
   181.50000       253.44972      -1.3298043    
   183.89999       253.04428      -1.4049954    
   186.39999       252.61613      -1.4635770    
   188.89999       252.15868      -1.5427575    
   191.39999       251.68240      -1.5855590    
   194.00000       251.17755      -1.6585617    
   196.60001       250.65179      -1.7038378    
   199.20000       250.10719      -1.7420878    
   201.89999       249.53874      -1.7941362    
   204.60001       248.95058      -1.8316188    
   207.39999       248.34149      -1.8712356    
   210.10001       247.70868      -1.9187161    
   213.00000       247.04651      -1.9810052    
   215.80000       246.36557      -2.0107284    
   218.70000       245.66675      -2.0355585    
   221.60001       244.95071      -2.0589573    
   224.60001       244.20909      -2.1028674    
   227.60001       243.45107      -2.1219943    
   230.70000       242.67067      -2.1556361    
   233.80000       241.88776      -2.1333542    
   236.89999       241.08664      -2.1545463    
   240.10001       240.27853      -2.1444399    
   243.30000       239.45378      -2.1597197    
   246.60001       238.59128      -2.2286601    
   249.89999       237.70650      -2.2555938    
   253.30000       236.81340      -2.2472060    
   256.70001       235.90514      -2.2543700    
   260.10001       234.99698      -2.2247877    
   263.60001       234.08670      -2.2003925    
   267.10001       233.16797      -2.1914005    
   270.70001       232.24080      -2.1819060    
   274.39999       231.31802      -2.1431022    
   278.00000       230.39421      -2.1173432    
   281.79999       229.43832      -2.1614850    
   285.60001       228.44849      -2.2087657    
   289.39999       227.39612      -2.3170452    
   293.29999       226.31921      -2.3398476    
   297.20001       225.19923      -2.4006026    
   301.20001       224.04738      -2.4370100    
   305.20001       222.85548      -2.4878063    
   309.29999       221.61339      -2.5585244    
   313.50000       220.35370      -2.5603228    
   317.70001       219.04521      -2.6240976    
   322.00000       217.73982      -2.5837128    
   326.29999       216.42000      -2.5770524    
   330.70001       215.10631      -2.5316813    
   335.10001       213.79694      -2.4891970    
   339.60001       212.47893      -2.4728391    
   344.20001       211.16272      -2.4369283    
   348.79999       209.84688      -2.4041581    
   353.50000       208.53828      -2.3587272    
   358.20001       207.22784      -2.3311446    
   363.00000       205.93362      -2.2716048    
   367.89999       204.64528      -2.2316170    
   372.79999       203.33539      -2.2385325    
   377.79999       202.01764      -2.2219112    
   382.89999       200.65549      -2.2669432    
   388.00000       199.29446      -2.2350328    
   393.20001       197.89648      -2.2648778    
   398.50000       196.48820      -2.2517495    
   403.89999       195.03340      -2.2951503    
   409.29999       193.56441      -2.2869530    
   414.79999       192.03851      -2.3437724    
   420.39999       190.47636      -2.3680530    
   426.00000       188.87283      -2.3981597    
   431.70001       187.22916      -2.4258745    
   437.50000       185.54228      -2.4569204    
   443.39999       183.83981      -2.4464014    
   449.29999       182.09978      -2.4675756    
   455.39999       180.30190      -2.5156946    
   461.50000       178.47716      -2.5194249    
   467.70001       176.62497      -2.5232577    
   473.89999       174.75293      -2.5167439    
   480.29999       172.86304      -2.5073173    
   486.79999       170.93794      -2.5200477    
   493.29999       168.99895      -2.5042942    
   499.89999       167.06158      -2.4692860    
   506.60001       165.14203      -2.4142859    
   513.40002       163.25459      -2.3423605    
   520.29999       161.35233      -2.3293340    
   527.29999       159.45457      -2.2931607    
   534.40002       157.54309      -2.2793040    
   541.50000       155.64040      -2.2386014    
   548.79999       153.75800      -2.1853836    
   556.20001       151.83377      -2.2045007    
   563.59998       149.92430      -2.1584389    
   571.20001       148.00266      -2.1436455    
   578.90002       146.06674      -2.1307905    
   586.59998       144.10765      -2.1278358    
   594.50000       142.15883      -2.0884409    
   602.50000       140.21078      -2.0601091    
   610.59998       138.27382      -2.0212777    
   618.79999       136.31421      -2.0180147    
   627.09998       134.32211      -2.0239792    
   635.50000       132.31396      -2.0134490    
   644.00000       130.33121      -1.9616067    
   652.70001       128.37074      -1.9138377    
   661.40002       126.40349      -1.8948838    
   670.29999       124.36429      -1.9384384    
   679.29999       122.30962      -1.9270061    
   688.40002       120.22843      -1.9262995    
   697.70001       118.15395      -1.8946140    
   707.00000       116.04416      -1.9012308    
   716.50000       113.87976      -1.9246858    
   726.09998       111.67774      -1.9320955    
   735.90002       109.43607      -1.9409541    
   745.79999       107.14745      -1.9554360    
   755.79999       104.86609      -1.9231246    
   765.90002       102.56339      -1.9156761    
   776.20001       100.24033      -1.9068751    
   786.59998       97.865280      -1.9237230    
   797.20001       95.503754      -1.8874050    
   807.90002       93.106918      -1.8903801    
   818.70001       90.682495      -1.8867514    
   829.70001       88.221275      -1.8899469    
   840.90002       85.692856      -1.9160894    
   852.09998       83.133049      -1.9139230    
   863.59998       80.585396      -1.8796916    
   875.20001       78.200623      -1.7361467    
   886.90002       75.723434      -1.7796173    
   898.79999       72.956596      -1.9614887    
   910.90002       70.040947      -2.0394168    
   923.09998       66.957825      -2.1279795    
   935.50000       63.742367      -2.1901128    
   948.09998       60.388592      -2.2539492    
   960.79999       56.855030      -2.3432443    
   973.70001       53.139187      -2.4316313    
   986.79999       49.119389      -2.5957248    
  1000.00000       44.423405      -2.9920630    
