  0.20800000       268.88150       0.0000000    
  0.23700000       268.75662      -36.343311    
  0.27100000       268.69290      -15.818082    
  0.31000000       268.63501      -12.533797    
  0.35400000       268.57660      -11.204106    
  0.40400001       268.51407      -10.540717    
  0.46200001       268.44412      -10.179249    
  0.52800000       268.36700      -9.8648062    
  0.60299999       268.28381      -9.3553305    
  0.68900001       268.19278      -8.9389400    
  0.78700000       268.08994      -8.8537073    
  0.89999998       267.97150      -8.8481989    
   1.0280000       267.83447      -9.0337973    
   1.1750000       267.67731      -9.0213251    
   1.3420000       267.49710      -9.1052952    
   1.5340000       267.29022      -9.0964413    
   1.7530000       267.06229      -8.7814932    
   2.0030000       266.81610      -8.3106985    
   2.2880001       266.54935      -7.8991661    
   2.6150000       266.26764      -7.2699323    
   2.9870000       265.97241      -6.6971617    
   3.4140000       265.66223      -6.1311102    
   3.9000001       265.33817      -5.6258512    
   4.4569998       265.00082      -5.1111569    
   5.0920000       264.65314      -4.6211405    
   5.8189998       264.29874      -4.1144652    
   6.6490002       263.94107      -3.6364865    
   7.5970001       263.57782      -3.2335343    
   8.6809998       263.20358      -2.9135342    
   9.9189997       262.81998      -2.6146410    
   10.050000       262.78214      -2.4022400    
   10.190000       262.74390      -2.3918257    
   10.320000       262.70584      -2.3593445    
   10.460000       262.66681      -2.3682880    
   10.600000       262.62747      -2.3754354    
   10.750000       262.58774      -2.3466470    
   10.890000       262.54684      -2.3900721    
   11.040000       262.50613      -2.3585997    
   11.180000       262.46500      -2.3464370    
   11.330000       262.42343      -2.3342423    
   11.490000       262.38211      -2.2795732    
   11.640000       262.34067      -2.2729526    
   11.800000       262.29837      -2.2865677    
   11.950000       262.25562      -2.2838016    
   12.120000       262.21307      -2.2309842    
   12.280000       262.17078      -2.2032926    
   12.440000       262.12897      -2.1403580    
   12.610000       262.08636      -2.1486564    
   12.780000       262.04404      -2.1125033    
   12.950000       262.00134      -2.0948477    
   13.120000       261.95956      -2.0308249    
   13.300000       261.91727      -2.0256298    
   13.480000       261.87549      -1.9806520    
   13.660000       261.83344      -1.9608170    
   13.840000       261.79083      -1.9514608    
   14.030000       261.74771      -1.9731932    
   14.220000       261.70462      -1.9192953    
   14.410000       261.66125      -1.9159352    
   14.600000       261.61780      -1.9039947    
   14.800000       261.57431      -1.8687860    
   15.000000       261.53006      -1.8777735    
   15.200000       261.48611      -1.8469672    
   15.400000       261.44247      -1.8029722    
   15.610000       261.39917      -1.7690177    
   15.820000       261.35571      -1.7510701    
   16.030001       261.31171      -1.7547094    
   16.240000       261.26868      -1.6891471    
   16.459999       261.22507      -1.6792405    
   16.680000       261.18185      -1.6493055    
   16.910000       261.13895      -1.6225048    
   17.129999       261.09564      -1.6108414    
   17.360001       261.05255      -1.5799446    
   17.600000       261.00967      -1.5557251    
   17.830000       260.96649      -1.5372213    
   18.070000       260.92270      -1.5438058    
   18.320000       260.87894      -1.5208273    
   18.559999       260.83517      -1.5033197    
   18.809999       260.79108      -1.4924289    
   19.059999       260.74670      -1.4853588    
   19.320000       260.70135      -1.4964989    
   19.580000       260.65515      -1.5045434    
   19.840000       260.60959      -1.4629375    
   20.110001       260.56381      -1.4507411    
   20.379999       260.51895      -1.4022399    
   20.650000       260.47513      -1.3497275    
   20.930000       260.43149      -1.3307235    
   21.209999       260.38956      -1.2573947    
   21.490000       260.34845      -1.2194059    
   21.780001       260.30707      -1.2131295    
   22.070000       260.26587      -1.1897011    
   22.370001       260.22339      -1.2070037    
   22.670000       260.18005      -1.2194667    
   22.980000       260.13715      -1.1900625    
   23.280001       260.09506      -1.1497978    
   23.600000       260.05307      -1.1360930    
   23.910000       260.01099      -1.1191133    
   24.230000       259.96970      -1.0877193    
   24.559999       259.92783      -1.0873899    
   24.889999       259.88516      -1.0908805    
   25.219999       259.84274      -1.0708796    
   25.559999       259.80078      -1.0437292    
   25.910000       259.76053     -0.99141949    
   26.250000       259.72049     -0.97331524    
   26.610001       259.68082     -0.94938695    
   26.959999       259.64127     -0.93378794    
   27.320000       259.60202     -0.91427052    
   27.690001       259.56259     -0.90708464    
   28.059999       259.52313     -0.89758116    
   28.440001       259.48367     -0.88493747    
   28.820000       259.44394     -0.87985885    
   29.209999       259.40479     -0.85272706    
   29.600000       259.36646     -0.82655573    
   30.000000       259.32800     -0.81486380    
   30.400000       259.29037     -0.78965545    
   30.809999       259.25266     -0.78002596    
   31.219999       259.21539     -0.75981677    
   31.639999       259.17859     -0.74065280    
   32.070000       259.14316     -0.70461744    
   32.500000       259.10754     -0.69883060    
   32.930000       259.07172     -0.69278187    
   33.369999       259.03638     -0.67487168    
   33.820000       259.00128     -0.66014665    
   34.279999       258.96838     -0.61296856    
   34.740002       258.93597     -0.59366453    
   35.200001       258.90369     -0.58496755    
   35.669998       258.87198     -0.56519181    
   36.150002       258.84070     -0.55230582    
   36.639999       258.80948     -0.54276872    
   37.130001       258.77847     -0.53176570    
   37.630001       258.74896     -0.49915740    
   38.130001       258.71970     -0.48932928    
   38.650002       258.69110     -0.47218114    
   39.160000       258.66312     -0.45495957    
   39.689999       258.63583     -0.43837690    
   40.220001       258.60922     -0.42090380    
   40.759998       258.58316     -0.40713996    
   41.310001       258.55707     -0.40285078    
   41.860001       258.53088     -0.39762759    
   42.430000       258.50510     -0.38791415    
   43.000000       258.47882     -0.38962188    
   43.570000       258.45270     -0.38154599    
   44.160000       258.42709     -0.37041381    
   44.750000       258.40161     -0.36177751    
   45.349998       258.37711     -0.34483376    
   45.959999       258.35312     -0.33318993    
   46.580002       258.32983     -0.31784102    
   47.200001       258.30695     -0.30931368    
   47.840000       258.28406     -0.30438811    
   48.480000       258.26126     -0.30020767    
   49.130001       258.23886     -0.28981799    
   49.790001       258.21658     -0.28580868    
   50.459999       258.19528     -0.26885241    
   51.130001       258.17520     -0.24962440    
   51.820000       258.15460     -0.25353485    
   52.509998       258.13431     -0.24608369    
   53.220001       258.11502     -0.23072363    
   53.930000       258.09503     -0.23644248    
   54.660000       258.07446     -0.23956504    
   55.389999       258.05588     -0.21482126    
   56.139999       258.03778     -0.20420419    
   56.889999       258.01898     -0.21131711    
   57.650002       257.99921     -0.21828838    
   58.430000       257.97989     -0.21009901    
   59.209999       257.96161     -0.19697930    
   60.009998       257.94385     -0.18929730    
   60.810001       257.92593     -0.18731652    
   61.630001       257.90848     -0.18051571    
   62.450001       257.89130     -0.17553891    
   63.290001       257.87494     -0.16471827    
   64.139999       257.85846     -0.16321394    
   65.000000       257.84097     -0.17161408    
   65.879997       257.82300     -0.17342970    
   66.760002       257.80585     -0.16401227    
   67.660004       257.78989     -0.15060876    
   68.559998       257.77444     -0.14356449    
   69.480003       257.75858     -0.14562079    
   70.419998       257.74347     -0.13677602    
   71.360001       257.72961     -0.12301772    
   72.320000       257.71732     -0.10909317    
   73.290001       257.70731     -8.63225982E-02
   74.269997       257.69830     -7.70388022E-02
   75.269997       257.69061     -6.55198991E-02
   76.279999       257.68417     -5.39861768E-02
   77.309998       257.67963     -3.73205729E-02
   78.339996       257.67780     -1.47435069E-02
   79.389999       257.67627     -1.19280759E-02
   80.459999       257.67349     -2.22817920E-02
   81.540001       257.67087     -2.02761479E-02
   82.629997       257.67050     -3.45698884E-03
   83.739998       257.67194      1.09287631E-02
   84.870003       257.67468      2.10645609E-02
   86.010002       257.67798      2.40042098E-02
   87.160004       257.68088      2.11713016E-02
   88.330002       257.68338      1.85238943E-02
   89.519997       257.68570      1.65653042E-02
   90.720001       257.69174      4.20254506E-02
   91.940002       257.70483      9.10139680E-02
   93.169998       257.72336      0.12646089    
   94.419998       257.74564      0.15080692    
   95.690002       257.76990      0.16117634    
   96.970001       257.79562      0.16921636    
   98.269997       257.82315      0.17828305    
   99.589996       257.85159      0.18227318    
   100.90000       257.88016      0.17988706    
   102.30000       257.90845      0.17615111    
   103.70000       257.93503      0.16361624    
   105.00000       257.95935      0.14740098    
   106.50000       257.97977      0.12246857    
   107.90000       257.99692      0.10131416    
   109.30000       258.01181      8.62592831E-02
   110.80000       258.02518      7.72390962E-02
   112.30000       258.03842      7.53144026E-02
   113.80000       258.04965      6.25111088E-02
   115.30000       258.05670      3.89636941E-02
   116.90000       258.06049      2.08592284E-02
   118.40000       258.06107      3.21136694E-03
   120.00000       258.05823     -1.50447525E-02
   121.60000       258.05154     -3.53258848E-02
   123.30000       258.04135     -5.24784997E-02
   124.90000       258.02881     -6.39207959E-02
   126.60000       258.01328     -7.84899667E-02
   128.30000       257.99081     -0.11153108    
   130.00000       257.96051     -0.14841053    
   131.80000       257.92612     -0.16621524    
   133.50000       257.88733     -0.18481956    
   135.30000       257.84149     -0.21596637    
   137.20000       257.78824     -0.24734066    
   139.00000       257.72733     -0.27942103    
   140.89999       257.65970     -0.30582833    
   142.70000       257.58231     -0.34527668    
   144.70000       257.49500     -0.38459116    
   146.60001       257.39740     -0.42423630    
   148.60001       257.28796     -0.46914566    
   150.60001       257.16788     -0.50829786    
   152.60001       257.02991     -0.57612449    
   154.60001       256.87543     -0.63638794    
   156.70000       256.70465     -0.69458634    
   158.80000       256.51324     -0.76791197    
   160.89999       256.30716     -0.81598324    
   163.10001       256.08084     -0.88360685    
   165.30000       255.83853     -0.93418550    
   167.50000       255.57805     -0.99052238    
   169.80000       255.30423      -1.0280577    
   172.00000       255.00850      -1.0950825    
   174.39999       254.69302      -1.1528260    
   176.70000       254.35789      -1.2089833    
   179.10001       254.00029      -1.2721802    
   181.50000       253.61545      -1.3509504    
   183.89999       253.20934      -1.4075418    
   186.39999       252.78145      -1.4622990    
   188.89999       252.33220      -1.5154265    
   191.39999       251.85478      -1.5891564    
   194.00000       251.35478      -1.6426302    
   196.60001       250.83337      -1.6898631    
   199.20000       250.29149      -1.7334008    
   201.89999       249.72546      -1.7865438    
   204.60001       249.14589      -1.8046578    
   207.39999       248.53122      -1.8885260    
   210.10001       247.90186      -1.9083564    
   213.00000       247.24500      -1.9649090    
   215.80000       246.56793      -1.9993255    
   218.70000       245.87071      -2.0309415    
   221.60001       245.15671      -2.0531781    
   224.60001       244.41795      -2.0949411    
   227.60001       243.66443      -2.1091242    
   230.70000       242.89532      -2.1244671    
   233.80000       242.10429      -2.1555574    
   236.89999       241.30452      -2.1509197    
   240.10001       240.49658      -2.1439788    
   243.30000       239.66888      -2.1672771    
   246.60001       238.80281      -2.2376962    
   249.89999       237.91676      -2.2592041    
   253.30000       237.02029      -2.2555060    
   256.70001       236.11169      -2.2552297    
   260.10001       235.20601      -2.2186348    
   263.60001       234.30154      -2.1866345    
   267.10001       233.39128      -2.1710584    
   270.70001       232.46854      -2.1717296    
   274.39999       231.55533      -2.1205881    
   278.00000       230.64510      -2.0863385    
   281.79999       229.70905      -2.1166692    
   285.60001       228.71497      -2.2181222    
   289.39999       227.67206      -2.2961140    
   293.29999       226.58501      -2.3620195    
   297.20001       225.48303      -2.3621321    
   301.20001       224.33435      -2.4299695    
   305.20001       223.13602      -2.5013442    
   309.29999       221.91148      -2.5224056    
   313.50000       220.64218      -2.5798776    
   317.70001       219.35020      -2.5909965    
   322.00000       218.03325      -2.6064246    
   326.29999       216.71823      -2.5677826    
   330.70001       215.40819      -2.5246720    
   335.10001       214.10205      -2.4831750    
   339.60001       212.78650      -2.4681664    
   344.20001       211.47289      -2.4322407    
   348.79999       210.15903      -2.4004347    
   353.50000       208.85080      -2.3579471    
   358.20001       207.54039      -2.3310993    
   363.00000       206.24570      -2.2724919    
   367.89999       204.95576      -2.2344375    
   372.79999       203.64249      -2.2443588    
   377.79999       202.31062      -2.2457502    
   382.89999       200.96001      -2.2476022    
   388.00000       199.59198      -2.2465765    
   393.20001       198.18503      -2.2794147    
   398.50000       196.75569      -2.2852674    
   403.89999       195.30814      -2.2838302    
   409.29999       193.81625      -2.3225272    
   414.79999       192.28545      -2.3513815    
   420.39999       190.71736      -2.3771439    
   426.00000       189.10555      -2.4104238    
   431.70001       187.44090      -2.4567637    
   437.50000       185.76575      -2.4399261    
   443.39999       184.05237      -2.4621208    
   449.29999       182.28920      -2.5003214    
   455.39999       180.50154      -2.5014637    
   461.50000       178.66293      -2.5386429    
   467.70001       176.79474      -2.5448704    
   473.89999       174.89027      -2.5605252    
   480.29999       172.98701      -2.5250535    
   486.79999       171.04427      -2.5429747    
   493.29999       169.08209      -2.5342650    
   499.89999       167.10255      -2.5231397    
   506.60001       165.16898      -2.4318247    
   513.40002       163.21100      -2.4299471    
   520.29999       161.26147      -2.3871648    
   527.29999       159.33563      -2.3270538    
   534.40002       157.40575      -2.3013110    
   541.50000       155.49098      -2.2527468    
   548.79999       153.59103      -2.2058272    
   556.20001       151.69255      -2.1750677    
   563.59998       149.79353      -2.1465061    
   571.20001       147.89355      -2.1195545    
   578.90002       145.99382      -2.0909586    
   586.59998       144.10544      -2.0510814    
   594.50000       142.22929      -2.0104909    
   602.50000       140.32230      -2.0167449    
   610.59998       138.41193      -1.9935268    
   618.79999       136.46892      -2.0008352    
   627.09998       134.47418      -2.0267298    
   635.50000       132.49290      -1.9864625    
   644.00000       130.50748      -1.9643180    
   652.70001       128.53859      -1.9219594    
   661.40002       126.54306      -1.9222366    
   670.29999       124.48803      -1.9533877    
   679.29999       122.41100      -1.9480618    
   688.40002       120.30659      -1.9477133    
   697.70001       118.20412      -1.9202677    
   707.00000       116.04601      -1.9446678    
   716.50000       113.85211      -1.9509649    
   726.09998       111.61058      -1.9667947    
   735.90002       109.32153      -1.9818938    
   745.79999       106.97472      -2.0051980    
   755.79999       104.61555      -1.9886945    
   765.90002       102.17930      -2.0268128    
   776.20001       99.747253      -1.9963218    
   786.59998       97.308647      -1.9752114    
   797.20001       94.852097      -1.9633474    
   807.90002       92.393188      -1.9393502    
   818.70001       89.908539      -1.9336243    
   829.70001       87.371056      -1.9485019    
   840.90002       84.810448      -1.9404855    
   852.09998       82.186790      -1.9616671    
   863.59998       79.569649      -1.9309531    
   875.20001       77.082230      -1.8108696    
   886.90002       74.547119      -1.8212363    
   898.79999       71.715340      -2.0075326    
   910.90002       68.733307      -2.0858374    
   923.09998       65.627136      -2.1438880    
   935.50000       62.399445      -2.1984518    
   948.09998       59.046280      -2.2535405    
   960.79999       55.530365      -2.3315423    
   973.70001       51.855480      -2.4048328    
   986.79999       47.933605      -2.5324864    
  1000.00000       43.358749      -2.9148843    
