  0.20800000       279.40323       0.0000000    
  0.23700000       279.27878      -36.199135    
  0.27100000       279.21542      -15.747929    
  0.31000000       279.15744      -12.532224    
  0.35400000       279.09863      -11.285861    
  0.40400001       279.03510      -10.718228    
  0.46200001       278.96335      -10.441329    
  0.52800000       278.88364      -10.186827    
  0.60299999       278.79755      -9.6970663    
  0.68900001       278.70264      -9.3046589    
  0.78700000       278.59583      -9.1989985    
  0.89999998       278.47305      -9.1675625    
   1.0280000       278.33124      -9.3513765    
   1.1750000       278.16867      -9.3357811    
   1.3420000       277.98123      -9.4678631    
   1.5340000       277.76584      -9.4675941    
   1.7530000       277.52881      -9.1359539    
   2.0030000       277.27301      -8.6351566    
   2.2880001       276.99576      -8.2107601    
   2.6150000       276.70193      -7.5821714    
   2.9870000       276.39291      -7.0100260    
   3.4140000       276.06741      -6.4336886    
   3.9000001       275.72699      -5.9102273    
   4.4569998       275.37305      -5.3625617    
   5.0920000       275.00732      -4.8606510    
   5.8189998       274.63452      -4.3282804    
   6.6490002       274.25983      -3.8091857    
   7.5970001       273.88123      -3.3700652    
   8.6809998       273.49313      -3.0213921    
   9.9189997       273.10263      -2.6622682    
   10.050000       273.06403      -2.4459815    
   10.190000       273.02509      -2.4337265    
   10.320000       272.98578      -2.4404638    
   10.460000       272.94626      -2.4028859    
   10.600000       272.90695      -2.3691926    
   10.750000       272.86725      -2.3413920    
   10.890000       272.82724      -2.3430169    
   11.040000       272.78702      -2.3239360    
   11.180000       272.74634      -2.3198221    
   11.330000       272.70502      -2.3276384    
   11.490000       272.66373      -2.2789867    
   11.640000       272.62213      -2.2782624    
   11.800000       272.57962      -2.2990270    
   11.950000       272.53723      -2.2618690    
   12.120000       272.49484      -2.2218175    
   12.280000       272.45206      -2.2294321    
   12.440000       272.40927      -2.1903863    
   12.610000       272.36679      -2.1469591    
   12.780000       272.32486      -2.0949485    
   12.950000       272.28217      -2.0919082    
   13.120000       272.23972      -2.0610304    
   13.300000       272.19769      -2.0160923    
   13.480000       272.15485      -2.0304697    
   13.660000       272.11218      -1.9862773    
   13.840000       272.06873      -1.9924086    
   14.030000       272.02582      -1.9587107    
   14.220000       271.98306      -1.9090607    
   14.410000       271.94037      -1.8853290    
   14.600000       271.89734      -1.8831137    
   14.800000       271.85373      -1.8751862    
   15.000000       271.81064      -1.8295346    
   15.200000       271.76743      -1.8149401    
   15.400000       271.72369      -1.8091936    
   15.610000       271.67972      -1.7940153    
   15.820000       271.63580      -1.7730584    
   16.030001       271.59192      -1.7465936    
   16.240000       271.54843      -1.7047528    
   16.459999       271.50473      -1.6851480    
   16.680000       271.46179      -1.6399536    
   16.910000       271.41934      -1.6049341    
   17.129999       271.37808      -1.5347409    
   17.360001       271.33716      -1.5024165    
   17.600000       271.29602      -1.4882514    
   17.830000       271.25580      -1.4342172    
   18.070000       271.21539      -1.4265416    
   18.320000       271.17447      -1.4198785    
   18.559999       271.13318      -1.4166421    
   18.809999       271.09137      -1.4191501    
   19.059999       271.04993      -1.3861771    
   19.320000       271.00854      -1.3643814    
   19.580000       270.96713      -1.3473333    
   19.840000       270.92566      -1.3338349    
   20.110001       270.88449      -1.3065299    
   20.379999       270.84250      -1.3104981    
   20.650000       270.80038      -1.2962378    
   20.930000       270.75943      -1.2497567    
   21.209999       270.71875      -1.2214142    
   21.490000       270.67780      -1.2121543    
   21.780001       270.63644      -1.2118289    
   22.070000       270.59500      -1.1978862    
   22.370001       270.55414      -1.1603997    
   22.670000       270.51331      -1.1490037    
   22.980000       270.47253      -1.1319176    
   23.280001       270.43234      -1.0993370    
   23.600000       270.39279      -1.0678270    
   23.910000       270.35440      -1.0231276    
   24.230000       270.31619      -1.0027466    
   24.559999       270.27740      -1.0082207    
   24.889999       270.23685      -1.0373151    
   25.219999       270.19644      -1.0196943    
   25.559999       270.15744     -0.97152919    
   25.910000       270.11844     -0.95867604    
   26.250000       270.07996     -0.93699419    
   26.610001       270.04218     -0.90312773    
   26.959999       270.00562     -0.86462259    
   27.320000       269.97073     -0.81336862    
   27.690001       269.93619     -0.79512012    
   28.059999       269.90131     -0.79232872    
   28.440001       269.86713     -0.76418179    
   28.820000       269.83270     -0.76440084    
   29.209999       269.79807     -0.75413424    
   29.600000       269.76459     -0.71988356    
   30.000000       269.73337     -0.66281605    
   30.400000       269.70334     -0.63145280    
   30.809999       269.67401     -0.60572600    
   31.219999       269.64542     -0.58375734    
   31.639999       269.61758     -0.56030214    
   32.070000       269.58978     -0.55193222    
   32.500000       269.56226     -0.54032320    
   32.930000       269.53516     -0.52280211    
   33.369999       269.50879     -0.50520420    
   33.820000       269.48288     -0.48758483    
   34.279999       269.45667     -0.48713404    
   34.740002       269.43033     -0.48255426    
   35.200001       269.40445     -0.46942931    
   35.669998       269.38046     -0.42867732    
   36.150002       269.35696     -0.41304496    
   36.639999       269.33386     -0.40262780    
   37.130001       269.31107     -0.39086348    
   37.630001       269.28790     -0.39233756    
   38.130001       269.26477     -0.38561085    
   38.650002       269.24158     -0.38245136    
   39.160000       269.21786     -0.38564473    
   39.689999       269.19446     -0.37608358    
   40.220001       269.17188     -0.35786954    
   40.759998       269.14905     -0.35643592    
   41.310001       269.12610     -0.35395312    
   41.860001       269.10269     -0.35604304    
   42.430000       269.07910     -0.35550067    
   43.000000       269.05707     -0.32565492    
   43.570000       269.03595     -0.30947688    
   44.160000       269.01492     -0.30228272    
   44.750000       268.99524     -0.28172353    
   45.349998       268.97623     -0.26712823    
   45.959999       268.95721     -0.26290521    
   46.580002       268.93930     -0.24523348    
   47.200001       268.92200     -0.23379609    
   47.840000       268.90469     -0.22953466    
   48.480000       268.88696     -0.23401994    
   49.130001       268.86917     -0.23052253    
   49.790001       268.85214     -0.21783394    
   50.459999       268.83444     -0.22393793    
   51.130001       268.81549     -0.23601843    
   51.820000       268.79605     -0.23885202    
   52.509998       268.77725     -0.22783294    
   53.220001       268.76019     -0.20452246    
   53.930000       268.74338     -0.19797327    
   54.660000       268.72543     -0.20886053    
   55.389999       268.70764     -0.20583348    
   56.139999       268.69061     -0.19259888    
   56.889999       268.67328     -0.19503926    
   57.650002       268.65543     -0.19599767    
   58.430000       268.63834     -0.18722638    
   59.209999       268.62292     -0.16642497    
   60.009998       268.60880     -0.14929035    
   60.810001       268.59409     -0.15380369    
   61.630001       268.57999     -0.14689709    
   62.450001       268.56677     -0.13379322    
   63.290001       268.55457     -0.12343538    
   64.139999       268.54196     -0.12454900    
   65.000000       268.52908     -0.12718213    
   65.879997       268.51569     -0.12892497    
   66.760002       268.50241     -0.12660769    
   67.660004       268.49011     -0.11634521    
   68.559998       268.47894     -0.10375740    
   69.480003       268.46909     -9.03362855E-02
   70.419998       268.45975     -8.48736465E-02
   71.360001       268.45038     -8.33298564E-02
   72.320000       268.44214     -7.20672011E-02
   73.290001       268.43460     -6.57989234E-02
   74.269997       268.42667     -6.80080578E-02
   75.269997       268.41916     -6.32218421E-02
   76.279999       268.41306     -5.13850972E-02
   77.309998       268.40906     -3.33040766E-02
   78.339996       268.40659     -2.01427303E-02
   79.389999       268.40543     -8.80190730E-03
   80.459999       268.40610      4.91583347E-03
   81.540001       268.40747      1.04561746E-02
   82.629997       268.40912      1.30729284E-02
   83.739998       268.41202      2.23871917E-02
   84.870003       268.41806      4.51713838E-02
   86.010002       268.42682      6.49633110E-02
   87.160004       268.43610      6.75339624E-02
   88.330002       268.44559      6.86395243E-02
   89.519997       268.45715      8.25248808E-02
   90.720001       268.47186      0.10351928    
   91.940002       268.48792      0.11093009    
   93.169998       268.50467      0.11452352    
   94.419998       268.52277      0.12188169    
   95.690002       268.54095      0.12147599    
   96.970001       268.55795      0.11139359    
   98.269997       268.57471      0.10862279    
   99.589996       268.59195      0.11047733    
   100.90000       268.60947      0.11081852    
   102.30000       268.62747      0.11226659    
   103.70000       268.64630      0.11563496    
   105.00000       268.66418      0.10848153    
   106.50000       268.68015      9.52355638E-02
   107.90000       268.69525      8.91925991E-02
   109.30000       268.71078      9.03315991E-02
   110.80000       268.72552      8.52640867E-02
   112.30000       268.73871      7.49019459E-02
   113.80000       268.75064      6.66499585E-02
   115.30000       268.76239      6.49726167E-02
   116.90000       268.77328      5.90213239E-02
   118.40000       268.78070      4.02081385E-02
   120.00000       268.78433      1.90548263E-02
   121.60000       268.78400     -1.61149260E-03
   123.30000       268.77942     -2.36821659E-02
   124.90000       268.77078     -4.42974232E-02
   126.60000       268.75763     -6.61218241E-02
   128.30000       268.73895     -9.27341133E-02
   130.00000       268.71506     -0.11716170    
   131.80000       268.68631     -0.13868082    
   133.50000       268.65231     -0.16258936    
   135.30000       268.61212     -0.18895410    
   137.20000       268.56616     -0.21333538    
   139.00000       268.51550     -0.23226061    
   140.89999       268.45981     -0.25192079    
   142.70000       268.39957     -0.26888072    
   144.70000       268.33582     -0.28081629    
   146.60001       268.26648     -0.30163163    
   148.60001       268.19043     -0.32586053    
   150.60001       268.10638     -0.35578084    
   152.60001       268.01419     -0.38496408    
   154.60001       267.91019     -0.42856735    
   156.70000       267.79620     -0.46355462    
   158.80000       267.67151     -0.50006425    
   160.89999       267.53912     -0.52392411    
   163.10001       267.39478     -0.56397861    
   165.30000       267.23975     -0.59769601    
   167.50000       267.07449     -0.62843317    
   169.80000       266.89648     -0.66812527    
   172.00000       266.70905     -0.69414979    
   174.39999       266.51404     -0.71255505    
   176.70000       266.30609     -0.75021052    
   179.10001       266.08813     -0.77547002    
   181.50000       265.84872     -0.84026670    
   183.89999       265.59134     -0.89226323    
   186.39999       265.31357     -0.94920385    
   188.89999       265.01450      -1.0088960    
   191.39999       264.69119      -1.0762831    
   194.00000       264.34683      -1.1310909    
   196.60001       263.98242      -1.1812329    
   199.20000       263.59683      -1.2333452    
   201.89999       263.18280      -1.3064691    
   204.60001       262.74435      -1.3657364    
   207.39999       262.27310      -1.4474503    
   210.10001       261.75781      -1.5625731    
   213.00000       261.19226      -1.6919601    
   215.80000       260.58701      -1.7872024    
   218.70000       259.94391      -1.8733789    
   221.60001       259.26758      -1.9445491    
   224.60001       258.55902      -2.0092733    
   227.60001       257.83591      -2.0241556    
   230.70000       257.09909      -2.0352836    
   233.80000       256.33499      -2.0820954    
   236.89999       255.55016      -2.1107671    
   240.10001       254.73755      -2.1563978    
   243.30000       253.88693      -2.2273231    
   246.60001       252.98898      -2.3203027    
   249.89999       252.06818      -2.3475950    
   253.30000       251.13936      -2.3369992    
   256.70001       250.19583      -2.3419285    
   260.10001       249.25285      -2.3100369    
   263.60001       248.28581      -2.3375986    
   267.10001       247.33575      -2.2662303    
   270.70001       246.37653      -2.2572980    
   274.39999       245.41777      -2.2264555    
   278.00000       244.45171      -2.2143683    
   281.79999       243.46693      -2.2267287    
   285.60001       242.45601      -2.2557743    
   289.39999       241.43642      -2.2449741    
   293.29999       240.40428      -2.2425201    
   297.20001       239.38008      -2.1954565    
   301.20001       238.30771      -2.2687554    
   305.20001       237.16774      -2.3795006    
   309.29999       236.00000      -2.4052587    
   313.50000       234.79881      -2.4413843    
   317.70001       233.58678      -2.4308686    
   322.00000       232.34497      -2.4576592    
   326.29999       231.09225      -2.4460967    
   330.70001       229.80505      -2.4806926    
   335.10001       228.48462      -2.5102427    
   339.60001       227.15474      -2.4951525    
   344.20001       225.78249      -2.5407207    
   348.79999       224.39276      -2.5389755    
   353.50000       222.98537      -2.5368130    
   358.20001       221.60307      -2.4589911    
   363.00000       220.23085      -2.4084868    
   367.89999       218.91679      -2.2761824    
   372.79999       217.65428      -2.1576304    
   377.79999       216.41150      -2.0955374    
   382.89999       215.19626      -2.0223577    
   388.00000       213.97473      -2.0059190    
   393.20001       212.71318      -2.0438321    
   398.50000       211.41335      -2.0783725    
   403.89999       210.11859      -2.0427904    
   409.29999       208.84291      -1.9858476    
   414.79999       207.56413      -1.9643064    
   420.39999       206.31161      -1.8986664    
   426.00000       205.07509      -1.8492917    
   431.70001       203.81870      -1.8542740    
   437.50000       202.49931      -1.9217010    
   443.39999       201.11818      -1.9845141    
   449.29999       199.66254      -2.0642858    
   455.39999       198.14000      -2.1305451    
   461.50000       196.60599      -2.1179764    
   467.70001       195.02747      -2.1504405    
   473.89999       193.42343      -2.1564312    
   480.29999       191.94914      -1.9560061    
   486.79999       190.57942      -1.7929238    
   493.29999       189.20703      -1.7725677    
   499.89999       187.72774      -1.8854516    
   506.60001       186.17334      -1.9550292    
   513.40002       184.48108      -2.1000981    
   520.29999       182.66136      -2.2282779    
   527.29999       180.70845      -2.3596942    
   534.40002       178.65974      -2.4430454    
   541.50000       176.60031      -2.4229994    
   548.79999       174.60606      -2.3152430    
   556.20001       172.76131      -2.1135421    
   563.59998       171.00502      -1.9850956    
   571.20001       169.26831      -1.9374875    
   578.90002       167.52037      -1.9239644    
   586.59998       165.70740      -1.9690167    
   594.50000       163.76398      -2.0826929    
   602.50000       161.57544      -2.3144169    
   610.59998       159.09772      -2.5855641    
   618.79999       156.50482      -2.6701493    
   627.09998       153.92740      -2.6187608    
   635.50000       151.44174      -2.4921153    
   644.00000       148.98805      -2.4275994    
   652.70001       146.54343      -2.3864164    
   661.40002       144.01004      -2.4402926    
   670.29999       141.29938      -2.5766499    
   679.29999       138.52168      -2.6051562    
   688.40002       135.77541      -2.5417967    
   697.70001       133.01025      -2.5254414    
   707.00000       130.24997      -2.4874241    
   716.50000       127.49657      -2.4484587    
   726.09998       124.82168      -2.3470736    
   735.90002       122.18755      -2.2806365    
   745.79999       119.58061      -2.2273965    
   755.79999       116.96563      -2.2043753    
   765.90002       114.32171      -2.1995997    
   776.20001       111.67989      -2.1684878    
   786.59998       109.04866      -2.1312323    
   797.20001       106.42278      -2.0987229    
   807.90002       103.70956      -2.1398950    
   818.70001       100.88678      -2.1967690    
   829.70001       98.032234      -2.1919711    
   840.90002       95.209579      -2.1390684    
   852.09998       92.453056      -2.0610051    
   863.59998       89.846703      -1.9230022    
   875.20001       87.658310      -1.5931731    
   886.90002       85.815430      -1.3239335    
   898.79999       83.886543      -1.3674445    
   910.90002       81.790489      -1.4661304    
   923.09998       79.572121      -1.5311182    
   935.50000       77.239784      -1.5886067    
   948.09998       74.727722      -1.6882664    
   960.79999       72.006996      -1.8042128    
   973.70001       69.093887      -1.9063315    
   986.79999       65.904785      -2.0593123    
  1000.00000       62.063702      -2.4473610    
