     height (km) solar hr (K/day)    IR hr (K/day)   Net hr (K/day)
 0.00  -0.1238  -0.1685  -0.2922
 0.10  -0.1272  -0.0842  -0.2112
 0.20  -0.1305   0.0002  -0.1303
 0.30  -0.1336   0.0795  -0.0542
 0.40  -0.1364   0.1478   0.0114
 0.50  -0.1383   0.2033   0.0650
 0.60  -0.1393   0.2504   0.1111
 0.70  -0.1395   0.2952   0.1557
 0.80  -0.1386   0.3380   0.1994
 0.90  -0.1358   0.3783   0.2425
 1.00  -0.1303   0.4047   0.2744
 1.10  -0.1216   0.4102   0.2886
 1.20  -0.1083   0.3787   0.2705
 1.30  -0.0940   0.3214   0.2274
 1.40  -0.0803   0.2266   0.1463
 1.50  -0.0701   0.1195   0.0494
 1.60  -0.0658   0.0466  -0.0192
 1.70  -0.0663   0.0066  -0.0597
 1.80  -0.0698   0.0022  -0.0675
 1.90  -0.0753   0.0361  -0.0391
 2.00  -0.0788   0.0557  -0.0231
 2.10  -0.0814   0.0685  -0.0129
 2.20  -0.0837   0.0772  -0.0065
 2.30  -0.0863   0.0948   0.0084
 2.40  -0.0893   0.1131   0.0237
 2.50  -0.0921   0.1333   0.0412
 2.60  -0.0945   0.1523   0.0578
 2.70  -0.0964   0.1642   0.0678
 2.80  -0.0980   0.1789   0.0809
 2.90  -0.0990   0.1815   0.0826
 3.00  -0.1006   0.1945   0.0940
 3.10  -0.1014   0.2034   0.1019
 3.20  -0.1021   0.2133   0.1112
 3.30  -0.1028   0.2277   0.1250
 3.40  -0.1031   0.2400   0.1369
 3.50  -0.1028   0.2479   0.1451
 3.60  -0.1024   0.2565   0.1542
 3.70  -0.1016   0.2620   0.1604
 3.80  -0.1006   0.2661   0.1655
 3.90  -0.0992   0.2629   0.1637
 4.00  -0.0978   0.2591   0.1612
 4.10  -0.0967   0.2570   0.1603
 4.20  -0.0963   0.2627   0.1664
 4.30  -0.0961   0.2687   0.1727
 4.40  -0.0960   0.2713   0.1753
 4.50  -0.0960   0.2723   0.1763
 4.60  -0.0962   0.2733   0.1770
 4.70  -0.0963   0.2788   0.1824
 4.80  -0.0965   0.2958   0.1993
 4.90  -0.0962   0.3180   0.2219
 5.00  -0.0946   0.3556   0.2610
 5.10  -0.0923   0.4076   0.3153
 5.20  -0.0890   0.4447   0.3556
 5.30  -0.0840   0.4536   0.3696
 5.40  -0.0782   0.4658   0.3876
 5.50  -0.0717   0.4389   0.3672
 5.60  -0.0656   0.4057   0.3401
 5.70  -0.0607   0.3925   0.3319
 5.80  -0.0553   0.3798   0.3245
 5.90  -0.0505   0.3703   0.3198
 6.00  -0.0455   0.3599   0.3145
 6.10  -0.0398   0.3453   0.3054
 6.20  -0.0343   0.3302   0.2958
 6.30  -0.0299   0.3259   0.2960
 6.40  -0.0250   0.3150   0.2900
 6.50  -0.0202   0.3079   0.2877
 6.60  -0.0137   0.2911   0.2774
 6.70  -0.0081   0.2736   0.2655
 6.80  -0.0042   0.2641   0.2599
 6.90  -0.0001   0.2549   0.2548
 7.00   0.0026   0.2492   0.2518
 7.10   0.0050   0.2432   0.2482
 7.20   0.0070   0.2404   0.2475
 7.30   0.0063   0.2484   0.2548
 7.40   0.0060   0.2529   0.2589
 7.50   0.0053   0.2630   0.2684
 7.60   0.0050   0.2762   0.2813
 7.70   0.0043   0.2911   0.2955
 7.80   0.0045   0.3019   0.3064
 7.90   0.0047   0.3111   0.3159
 8.00   0.0069   0.3125   0.3193
 8.10   0.0075   0.3219   0.3293
 8.20   0.0101   0.3326   0.3427
 8.30   0.0154   0.3319   0.3474
 8.40   0.0209   0.3269   0.3478
 8.50   0.0258   0.3312   0.3570
 8.60   0.0308   0.3391   0.3699
 8.70   0.0372   0.3410   0.3782
 8.80   0.0435   0.3401   0.3836
 8.90   0.0488   0.3432   0.3920
 9.00   0.0536   0.3498   0.4034
 9.10   0.0586   0.3577   0.4164
 9.20   0.0634   0.3673   0.4307
 9.30   0.0687   0.3756   0.4443
 9.40   0.0738   0.3899   0.4637
 9.50   0.0804   0.3981   0.4785
 9.60   0.0879   0.4047   0.4925
 9.70   0.0954   0.4134   0.5088
 9.80   0.1038   0.4179   0.5217
 9.90   0.1130   0.4177   0.5307
10.00   0.1228   0.4163   0.5390
10.10   0.1334   0.4135   0.5469
10.20   0.1446   0.4114   0.5559
10.30   0.1565   0.4068   0.5633
10.40   0.1688   0.4010   0.5697
10.50   0.1810   0.3958   0.5768
10.60   0.1935   0.3908   0.5843
10.70   0.2061   0.3845   0.5907
10.80   0.2190   0.3777   0.5967
10.90   0.2324   0.3704   0.6028
11.00   0.2466   0.3593   0.6059
11.10   0.2615   0.3440   0.6054
11.20   0.2765   0.3294   0.6059
11.30   0.2922   0.3121   0.6043
11.40   0.3080   0.2954   0.6035
11.50   0.3241   0.2766   0.6007
11.60   0.3406   0.2590   0.5996
11.70   0.3567   0.2395   0.5962
11.80   0.3724   0.2188   0.5913
11.90   0.3876   0.1952   0.5827
12.00   0.4020   0.1727   0.5747
12.10   0.4156   0.1495   0.5652
12.20   0.4285   0.1244   0.5530
12.30   0.4393   0.1008   0.5401
12.40   0.4456   0.0824   0.5280
12.50   0.4495   0.0636   0.5132
12.60   0.4510   0.0441   0.4950
12.70   0.4504   0.0258   0.4763
12.80   0.4477   0.0093   0.4570
12.90   0.4441  -0.0048   0.4394
13.00   0.4393  -0.0213   0.4181
13.10   0.4330  -0.0359   0.3970
13.20   0.4249  -0.0499   0.3750
13.30   0.4152  -0.0606   0.3546
13.40   0.4038  -0.0684   0.3354
13.50   0.3916  -0.0743   0.3172
13.60   0.3779  -0.0759   0.3020
13.70   0.3643  -0.0785   0.2858
13.80   0.3500  -0.0777   0.2722
13.90   0.3355  -0.0771   0.2584
14.00   0.3206  -0.0744   0.2462
14.10   0.3053  -0.0687   0.2366
14.20   0.2912  -0.0657   0.2255
14.30   0.2762  -0.0585   0.2177
14.40   0.2614  -0.0510   0.2104
14.50   0.2463  -0.0399   0.2064
14.60   0.2308  -0.0366   0.1943
14.70   0.2154  -0.0326   0.1828
14.80   0.1994  -0.0258   0.1735
14.90   0.1847  -0.0192   0.1654
15.00   0.1701  -0.0120   0.1581
15.10   0.1574  -0.0065   0.1508
15.20   0.1451  -0.0007   0.1444
15.30   0.1335   0.0035   0.1370
15.40   0.1231   0.0057   0.1288
15.50   0.1132   0.0102   0.1235
15.60   0.1036   0.0147   0.1184
15.70   0.0948   0.0206   0.1154
15.80   0.0863   0.0284   0.1147
15.90   0.0790   0.0350   0.1140
16.00   0.0737   0.0372   0.1109
16.10   0.0688   0.0385   0.1073
16.20   0.0646   0.0392   0.1039
16.30   0.0603   0.0399   0.1001
16.40   0.0561   0.0394   0.0955
16.50   0.0522   0.0362   0.0883
16.60   0.0479   0.0331   0.0809
16.70   0.0436   0.0275   0.0711
16.80   0.0393   0.0247   0.0639
16.90   0.0351   0.0210   0.0561
17.00   0.0313   0.0141   0.0454
17.10   0.0279   0.0074   0.0353
17.20   0.0239   0.0026   0.0265
17.30   0.0208  -0.0055   0.0152
17.40   0.0179  -0.0116   0.0063
17.50   0.0152  -0.0182  -0.0030
17.60   0.0133  -0.0244  -0.0110
17.70   0.0120  -0.0298  -0.0178
17.80   0.0109  -0.0358  -0.0250
17.90   0.0097  -0.0400  -0.0303
18.00   0.0092  -0.0440  -0.0349
18.10   0.0088  -0.0475  -0.0387
18.20   0.0088  -0.0509  -0.0420
18.30   0.0091  -0.0537  -0.0446
18.40   0.0095  -0.0560  -0.0466
18.50   0.0099  -0.0584  -0.0485
18.60   0.0105  -0.0604  -0.0500
18.70   0.0108  -0.0618  -0.0510
18.80   0.0112  -0.0628  -0.0516
18.90   0.0116  -0.0638  -0.0521
19.00   0.0121  -0.0647  -0.0527
19.10   0.0126  -0.0658  -0.0532
19.20   0.0131  -0.0668  -0.0537
19.30   0.0137  -0.0679  -0.0542
19.40   0.0143  -0.0690  -0.0547
19.50   0.0149  -0.0701  -0.0553
19.60   0.0156  -0.0714  -0.0558
19.70   0.0164  -0.0727  -0.0563
19.80   0.0172  -0.0741  -0.0569
19.90   0.0180  -0.0754  -0.0575
20.00   0.0188  -0.0769  -0.0581
20.10   0.0197  -0.0784  -0.0586
20.20   0.0207  -0.0800  -0.0592
20.30   0.0218  -0.0815  -0.0597
20.40   0.0229  -0.0831  -0.0603
20.50   0.0239  -0.0847  -0.0607
20.60   0.0249  -0.0858  -0.0608
20.70   0.0257  -0.0862  -0.0605
20.80   0.0263  -0.0864  -0.0601
20.90   0.0271  -0.0867  -0.0596
21.00   0.0278  -0.0869  -0.0591
21.10   0.0285  -0.0871  -0.0586
21.20   0.0294  -0.0875  -0.0582
21.30   0.0301  -0.0878  -0.0577
21.40   0.0310  -0.0883  -0.0572
21.50   0.0319  -0.0887  -0.0568
21.60   0.0329  -0.0892  -0.0564
21.70   0.0339  -0.0898  -0.0559
21.80   0.0349  -0.0904  -0.0555
21.90   0.0360  -0.0911  -0.0551
22.00   0.0372  -0.0917  -0.0546
22.10   0.0385  -0.0924  -0.0539
22.20   0.0397  -0.0930  -0.0533
22.30   0.0410  -0.0937  -0.0526
22.40   0.0425  -0.0944  -0.0520
22.50   0.0439  -0.0952  -0.0513
22.60   0.0454  -0.0960  -0.0507
22.70   0.0469  -0.0968  -0.0499
22.80   0.0485  -0.0977  -0.0492
22.90   0.0501  -0.0986  -0.0484
23.00   0.0519  -0.0995  -0.0476
23.10   0.0536  -0.1004  -0.0468
23.20   0.0554  -0.1014  -0.0459
23.30   0.0572  -0.1023  -0.0451
23.40   0.0591  -0.1033  -0.0442
23.50   0.0610  -0.1042  -0.0432
23.60   0.0630  -0.1052  -0.0422
23.70   0.0650  -0.1061  -0.0412
23.80   0.0669  -0.1070  -0.0401
23.90   0.0690  -0.1078  -0.0389
24.00   0.0710  -0.1086  -0.0377
24.10   0.0730  -0.1094  -0.0364
24.20   0.0750  -0.1102  -0.0351
24.30   0.0771  -0.1109  -0.0338
24.40   0.0792  -0.1117  -0.0324
24.50   0.0813  -0.1123  -0.0310
24.60   0.0834  -0.1130  -0.0295
24.70   0.0855  -0.1136  -0.0281
24.80   0.0876  -0.1141  -0.0264
24.90   0.0897  -0.1144  -0.0247
25.00   0.0917  -0.1147  -0.0229
25.10   0.0938  -0.1149  -0.0211
25.20   0.0958  -0.1152  -0.0193
25.30   0.0979  -0.1153  -0.0174
25.40   0.1000  -0.1155  -0.0155
25.50   0.1020  -0.1156  -0.0136
25.60   0.1040  -0.1157  -0.0117
25.70   0.1060  -0.1158  -0.0098
25.80   0.1079  -0.1158  -0.0079
25.90   0.1099  -0.1159  -0.0060
26.00   0.1118  -0.1158  -0.0041
26.10   0.1137  -0.1158  -0.0021
26.20   0.1156  -0.1158  -0.0001
26.30   0.1176  -0.1158   0.0017
26.40   0.1197  -0.1160   0.0038
26.50   0.1219  -0.1162   0.0057
26.60   0.1240  -0.1164   0.0077
26.70   0.1262  -0.1165   0.0097
26.80   0.1283  -0.1166   0.0118
26.90   0.1305  -0.1167   0.0138
27.00   0.1326  -0.1168   0.0158
27.10   0.1347  -0.1168   0.0178
27.20   0.1367  -0.1169   0.0199
27.30   0.1387  -0.1169   0.0218
27.40   0.1407  -0.1169   0.0239
27.50   0.1426  -0.1167   0.0258
27.60   0.1446  -0.1167   0.0279
27.70   0.1464  -0.1165   0.0299
27.80   0.1481  -0.1163   0.0319
27.90   0.1499  -0.1160   0.0339
28.00   0.1516  -0.1156   0.0360
28.10   0.1532  -0.1153   0.0380
28.20   0.1548  -0.1148   0.0399
28.30   0.1564  -0.1144   0.0419
28.40   0.1578  -0.1140   0.0438
28.50   0.1592  -0.1135   0.0457
28.60   0.1605  -0.1130   0.0475
28.70   0.1619  -0.1125   0.0493
28.80   0.1631  -0.1120   0.0511
28.90   0.1643  -0.1115   0.0529
29.00   0.1655  -0.1109   0.0546
29.10   0.1666  -0.1104   0.0562
29.20   0.1677  -0.1098   0.0578
29.30   0.1686  -0.1092   0.0594
29.40   0.1694  -0.1086   0.0609
29.50   0.1703  -0.1080   0.0624
29.60   0.1711  -0.1074   0.0638
29.70   0.1720  -0.1068   0.0652
29.80   0.1727  -0.1062   0.0666
29.90   0.1734  -0.1055   0.0679
30.00   0.1741  -0.1048   0.0692
