     height (km) solar hr (K/day)    IR hr (K/day)   Net hr (K/day)
 0.00  -0.1767  -0.1750  -0.3513
 0.10  -0.1818  -0.0690  -0.2506
 0.20  -0.1869   0.0370  -0.1500
 0.30  -0.1917   0.1321  -0.0596
 0.40  -0.1957   0.2102   0.0146
 0.50  -0.1984   0.2731   0.0748
 0.60  -0.1998   0.3243   0.1241
 0.70  -0.2007   0.3714   0.1709
 0.80  -0.2004   0.4150   0.2146
 0.90  -0.1985   0.4595   0.2610
 1.00  -0.1948   0.4948   0.3002
 1.10  -0.1893   0.5154   0.3261
 1.20  -0.1827   0.5252   0.3426
 1.30  -0.1759   0.5256   0.3498
 1.40  -0.1713   0.5036   0.3323
 1.50  -0.1687   0.4713   0.3026
 1.60  -0.1669   0.4280   0.2611
 1.70  -0.1664   0.3930   0.2266
 1.80  -0.1665   0.3574   0.1910
 1.90  -0.1667   0.3184   0.1519
 2.00  -0.1683   0.3096   0.1411
 2.10  -0.1702   0.3044   0.1343
 2.20  -0.1718   0.2905   0.1188
 2.30  -0.1742   0.2986   0.1244
 2.40  -0.1764   0.3022   0.1257
 2.50  -0.1790   0.3118   0.1329
 2.60  -0.1816   0.3267   0.1452
 2.70  -0.1841   0.3423   0.1580
 2.80  -0.1863   0.3593   0.1730
 2.90  -0.1871   0.3569   0.1701
 3.00  -0.1890   0.3655   0.1767
 3.10  -0.1905   0.3790   0.1886
 3.20  -0.1919   0.3946   0.2026
 3.30  -0.1927   0.4115   0.2187
 3.40  -0.1933   0.4299   0.2367
 3.50  -0.1928   0.4409   0.2482
 3.60  -0.1916   0.4486   0.2571
 3.70  -0.1907   0.4587   0.2680
 3.80  -0.1889   0.4602   0.2712
 3.90  -0.1868   0.4553   0.2686
 4.00  -0.1854   0.4663   0.2808
 4.10  -0.1836   0.4634   0.2798
 4.20  -0.1834   0.4775   0.2940
 4.30  -0.1832   0.4847   0.3016
 4.40  -0.1844   0.4986   0.3142
 4.50  -0.1856   0.5010   0.3157
 4.60  -0.1872   0.5021   0.3150
 4.70  -0.1896   0.5079   0.3183
 4.80  -0.1922   0.5150   0.3229
 4.90  -0.1942   0.5308   0.3368
 5.00  -0.1954   0.5820   0.3867
 5.10  -0.1958   0.6720   0.4763
 5.20  -0.1944   0.7612   0.5666
 5.30  -0.1901   0.8158   0.6256
 5.40  -0.1845   0.8846   0.7000
 5.50  -0.1791   0.8564   0.6772
 5.60  -0.1701   0.8159   0.6456
 5.70  -0.1665   0.7971   0.6308
 5.80  -0.1631   0.7691   0.6060
 5.90  -0.1597   0.7483   0.5886
 6.00  -0.1547   0.7268   0.5722
 6.10  -0.1498   0.7134   0.5635
 6.20  -0.1441   0.7040   0.5597
 6.30  -0.1369   0.6950   0.5579
 6.40  -0.1294   0.6822   0.5527
 6.50  -0.1228   0.6695   0.5465
 6.60  -0.1137   0.6452   0.5314
 6.70  -0.1052   0.6295   0.5244
 6.80  -0.0976   0.6195   0.5221
 6.90  -0.0886   0.6023   0.5137
 7.00  -0.0821   0.5941   0.5119
 7.10  -0.0740   0.5774   0.5033
 7.20  -0.0693   0.5683   0.4991
 7.30  -0.0703   0.5813   0.5111
 7.40  -0.0690   0.5766   0.5074
 7.50  -0.0692   0.5816   0.5123
 7.60  -0.0702   0.5961   0.5260
 7.70  -0.0730   0.6221   0.5492
 7.80  -0.0755   0.6414   0.5659
 7.90  -0.0769   0.6602   0.5835
 8.00  -0.0760   0.6761   0.6003
 8.10  -0.0747   0.6843   0.6096
 8.20  -0.0734   0.7034   0.6301
 8.30  -0.0677   0.7132   0.6459
 8.40  -0.0599   0.7204   0.6606
 8.50  -0.0518   0.7324   0.6805
 8.60  -0.0435   0.7473   0.7037
 8.70  -0.0337   0.7570   0.7232
 8.80  -0.0222   0.7650   0.7429
 8.90  -0.0117   0.7767   0.7649
 9.00  -0.0024   0.7928   0.7903
 9.10   0.0069   0.8103   0.8171
 9.20   0.0161   0.8217   0.8378
 9.30   0.0232   0.8416   0.8647
 9.40   0.0301   0.8653   0.8953
 9.50   0.0399   0.8907   0.9305
 9.60   0.0507   0.9157   0.9663
 9.70   0.0637   0.9433   1.0070
 9.80   0.0751   0.9587   1.0340
 9.90   0.0894   0.9584   1.0479
10.00   0.1055   0.9676   1.0732
10.10   0.1239   0.9730   1.0969
10.20   0.1442   0.9765   1.1207
10.30   0.1652   0.9837   1.1487
10.40   0.1875   0.9812   1.1686
10.50   0.2092   0.9855   1.1947
10.60   0.2322   0.9874   1.2197
10.70   0.2517   0.9948   1.2465
10.80   0.2709   0.9964   1.2672
10.90   0.2913   1.0027   1.2941
11.00   0.3154   0.9998   1.3151
11.10   0.3425   0.9806   1.3228
11.20   0.3704   0.9713   1.3416
11.30   0.3988   0.9511   1.3500
11.40   0.4265   0.9370   1.3635
11.50   0.4590   0.9115   1.3703
11.60   0.4938   0.8902   1.3838
11.70   0.5266   0.8753   1.4020
11.80   0.5626   0.8465   1.4091
11.90   0.5986   0.8212   1.4196
12.00   0.6342   0.7870   1.4213
12.10   0.6700   0.7524   1.4225
12.20   0.7065   0.7128   1.4194
12.30   0.7407   0.6874   1.4281
12.40   0.7708   0.6573   1.4281
12.50   0.7964   0.6281   1.4246
12.60   0.8195   0.5764   1.3960
12.70   0.8364   0.5382   1.3744
12.80   0.8532   0.4925   1.3460
12.90   0.8671   0.4528   1.3201
13.00   0.8800   0.3910   1.2709
13.10   0.8886   0.3389   1.2276
13.20   0.8950   0.2792   1.1742
13.30   0.8953   0.2358   1.1311
13.40   0.8883   0.1995   1.0878
13.50   0.8829   0.1560   1.0389
13.60   0.8739   0.1067   0.9808
13.70   0.8622   0.0720   0.9345
13.80   0.8457   0.0347   0.8805
13.90   0.8258  -0.0008   0.8251
14.00   0.8010  -0.0209   0.7799
14.10   0.7735  -0.0352   0.7384
14.20   0.7471  -0.0480   0.6991
14.30   0.7184  -0.0581   0.6604
14.40   0.6888  -0.0611   0.6279
14.50   0.6575  -0.0566   0.6009
14.60   0.6239  -0.0602   0.5638
14.70   0.5908  -0.0635   0.5272
14.80   0.5580  -0.0648   0.4931
14.90   0.5255  -0.0616   0.4638
15.00   0.4943  -0.0611   0.4332
15.10   0.4652  -0.0598   0.4054
15.20   0.4349  -0.0503   0.3848
15.30   0.4078  -0.0502   0.3577
15.40   0.3803  -0.0471   0.3331
15.50   0.3525  -0.0340   0.3184
15.60   0.3262  -0.0264   0.2998
15.70   0.3003  -0.0077   0.2929
15.80   0.2758   0.0192   0.2948
15.90   0.2557   0.0437   0.2994
16.00   0.2424   0.0492   0.2913
16.10   0.2306   0.0497   0.2804
16.20   0.2172   0.0518   0.2692
16.30   0.2011   0.0608   0.2620
16.40   0.1881   0.0693   0.2573
16.50   0.1717   0.0702   0.2417
16.60   0.1556   0.0655   0.2211
16.70   0.1425   0.0477   0.1903
16.80   0.1274   0.0438   0.1711
16.90   0.1132   0.0353   0.1486
17.00   0.1010   0.0015   0.1024
17.10   0.0886  -0.0167   0.0718
17.20   0.0744  -0.0221   0.0522
17.30   0.0648  -0.0377   0.0272
17.40   0.0551  -0.0470   0.0080
17.50   0.0460  -0.0536  -0.0079
17.60   0.0390  -0.0603  -0.0213
17.70   0.0341  -0.0715  -0.0374
17.80   0.0286  -0.0848  -0.0561
17.90   0.0225  -0.0862  -0.0636
18.00   0.0192  -0.0916  -0.0724
18.10   0.0162  -0.0981  -0.0818
18.20   0.0152  -0.1088  -0.0937
18.30   0.0149  -0.1155  -0.1005
18.40   0.0157  -0.1214  -0.1060
18.50   0.0161  -0.1269  -0.1109
18.60   0.0169  -0.1311  -0.1143
18.70   0.0174  -0.1346  -0.1172
18.80   0.0179  -0.1373  -0.1193
18.90   0.0187  -0.1400  -0.1211
19.00   0.0197  -0.1426  -0.1230
19.10   0.0206  -0.1454  -0.1249
19.20   0.0216  -0.1479  -0.1266
19.30   0.0225  -0.1505  -0.1282
19.40   0.0235  -0.1533  -0.1296
19.50   0.0245  -0.1559  -0.1313
19.60   0.0256  -0.1586  -0.1329
19.70   0.0270  -0.1612  -0.1344
19.80   0.0281  -0.1641  -0.1359
19.90   0.0295  -0.1668  -0.1374
20.00   0.0307  -0.1696  -0.1389
20.10   0.0321  -0.1725  -0.1403
20.20   0.0335  -0.1752  -0.1416
20.30   0.0350  -0.1780  -0.1430
20.40   0.0365  -0.1808  -0.1442
20.50   0.0381  -0.1833  -0.1452
20.60   0.0393  -0.1848  -0.1454
20.70   0.0402  -0.1847  -0.1446
20.80   0.0408  -0.1843  -0.1433
20.90   0.0419  -0.1838  -0.1419
21.00   0.0426  -0.1832  -0.1406
21.10   0.0433  -0.1829  -0.1394
21.20   0.0445  -0.1827  -0.1383
21.30   0.0452  -0.1823  -0.1372
21.40   0.0462  -0.1825  -0.1361
21.50   0.0475  -0.1827  -0.1354
21.60   0.0484  -0.1830  -0.1347
21.70   0.0495  -0.1835  -0.1339
21.80   0.0507  -0.1843  -0.1334
21.90   0.0521  -0.1851  -0.1329
22.00   0.0537  -0.1858  -0.1323
22.10   0.0553  -0.1866  -0.1314
22.20   0.0568  -0.1874  -0.1307
22.30   0.0584  -0.1885  -0.1301
22.40   0.0602  -0.1896  -0.1295
22.50   0.0622  -0.1911  -0.1289
22.60   0.0638  -0.1924  -0.1285
22.70   0.0660  -0.1940  -0.1280
22.80   0.0682  -0.1956  -0.1275
22.90   0.0703  -0.1974  -0.1271
23.00   0.0727  -0.1992  -0.1265
23.10   0.0749  -0.2010  -0.1261
23.20   0.0773  -0.2030  -0.1256
23.30   0.0799  -0.2050  -0.1251
23.40   0.0825  -0.2071  -0.1246
23.50   0.0852  -0.2092  -0.1240
23.60   0.0879  -0.2114  -0.1235
23.70   0.0905  -0.2133  -0.1228
23.80   0.0934  -0.2152  -0.1220
23.90   0.0961  -0.2171  -0.1211
24.00   0.0990  -0.2190  -0.1203
24.10   0.1019  -0.2208  -0.1191
24.20   0.1046  -0.2225  -0.1179
24.30   0.1076  -0.2243  -0.1168
24.40   0.1106  -0.2261  -0.1156
24.50   0.1135  -0.2276  -0.1142
24.60   0.1165  -0.2292  -0.1127
24.70   0.1195  -0.2306  -0.1113
24.80   0.1224  -0.2317  -0.1094
24.90   0.1253  -0.2327  -0.1073
25.00   0.1282  -0.2335  -0.1052
25.10   0.1313  -0.2342  -0.1029
25.20   0.1343  -0.2349  -0.1008
25.30   0.1371  -0.2354  -0.0983
25.40   0.1400  -0.2360  -0.0959
25.50   0.1429  -0.2363  -0.0933
25.60   0.1459  -0.2368  -0.0909
25.70   0.1487  -0.2370  -0.0882
25.80   0.1513  -0.2372  -0.0857
25.90   0.1544  -0.2374  -0.0831
26.00   0.1571  -0.2376  -0.0805
26.10   0.1598  -0.2375  -0.0776
26.20   0.1624  -0.2376  -0.0749
26.30   0.1655  -0.2379  -0.0724
26.40   0.1685  -0.2384  -0.0696
26.50   0.1718  -0.2387  -0.0670
26.60   0.1749  -0.2393  -0.0643
26.70   0.1782  -0.2397  -0.0616
26.80   0.1812  -0.2400  -0.0588
26.90   0.1843  -0.2401  -0.0561
27.00   0.1874  -0.2405  -0.0533
27.10   0.1905  -0.2406  -0.0505
27.20   0.1934  -0.2408  -0.0475
27.30   0.1963  -0.2410  -0.0446
27.40   0.1992  -0.2408  -0.0418
27.50   0.2020  -0.2407  -0.0389
27.60   0.2046  -0.2405  -0.0359
27.70   0.2073  -0.2404  -0.0329
27.80   0.2100  -0.2399  -0.0299
27.90   0.2126  -0.2392  -0.0268
28.00   0.2150  -0.2386  -0.0235
28.10   0.2174  -0.2379  -0.0205
28.20   0.2196  -0.2370  -0.0174
28.30   0.2219  -0.2363  -0.0144
28.40   0.2240  -0.2353  -0.0113
28.50   0.2260  -0.2344  -0.0082
28.60   0.2281  -0.2334  -0.0053
28.70   0.2298  -0.2322  -0.0025
28.80   0.2317  -0.2312   0.0004
28.90   0.2335  -0.2303   0.0032
29.00   0.2353  -0.2291   0.0060
29.10   0.2371  -0.2281   0.0088
29.20   0.2384  -0.2268   0.0116
29.30   0.2395  -0.2256   0.0143
29.40   0.2410  -0.2244   0.0168
29.50   0.2424  -0.2232   0.0195
29.60   0.2434  -0.2219   0.0218
29.70   0.2446  -0.2206   0.0244
29.80   0.2460  -0.2193   0.0267
29.90   0.2471  -0.2181   0.0290
30.00   0.2480  -0.2167   0.0314
