     height (km) solar hr (K/day)    IR hr (K/day)   Net hr (K/day)
 0.00  -0.1109  -0.1667  -0.2778
 0.10  -0.1140  -0.0845  -0.1985
 0.20  -0.1170  -0.0022  -0.1192
 0.30  -0.1198   0.0741  -0.0457
 0.40  -0.1221   0.1359   0.0138
 0.50  -0.1232   0.1855   0.0623
 0.60  -0.1231   0.2247   0.1015
 0.70  -0.1225   0.2604   0.1379
 0.80  -0.1217   0.2951   0.1734
 0.90  -0.1203   0.3329   0.2126
 1.00  -0.1181   0.3717   0.2536
 1.10  -0.1147   0.3988   0.2840
 1.20  -0.1107   0.4125   0.3017
 1.30  -0.1066   0.4110   0.3043
 1.40  -0.1036   0.3870   0.2834
 1.50  -0.1001   0.3565   0.2564
 1.60  -0.0956   0.3141   0.2184
 1.70  -0.0921   0.2764   0.1841
 1.80  -0.0900   0.2494   0.1594
 1.90  -0.0884   0.2311   0.1427
 2.00  -0.0860   0.1783   0.0922
 2.10  -0.0864   0.1599   0.0734
 2.20  -0.0886   0.1584   0.0698
 2.30  -0.0903   0.1600   0.0697
 2.40  -0.0926   0.1751   0.0825
 2.50  -0.0941   0.1800   0.0859
 2.60  -0.0952   0.1807   0.0855
 2.70  -0.0973   0.2040   0.1066
 2.80  -0.0976   0.2007   0.1031
 2.90  -0.0961   0.1523   0.0560
 3.00  -0.1055   0.2171   0.1116
 3.10  -0.1110   0.2899   0.1789
 3.20  -0.1127   0.3137   0.2011
 3.30  -0.1131   0.3263   0.2132
 3.40  -0.1131   0.3377   0.2245
 3.50  -0.1130   0.3497   0.2368
 3.60  -0.1124   0.3600   0.2477
 3.70  -0.1111   0.3645   0.2535
 3.80  -0.1094   0.3655   0.2560
 3.90  -0.1071   0.3559   0.2488
 4.00  -0.1052   0.3579   0.2529
 4.10  -0.1026   0.3427   0.2401
 4.20  -0.1016   0.3340   0.2322
 4.30  -0.1017   0.3437   0.2420
 4.40  -0.1021   0.3480   0.2458
 4.50  -0.1033   0.3571   0.2536
 4.60  -0.1042   0.3548   0.2506
 4.70  -0.1041   0.3490   0.2450
 4.80  -0.1037   0.3517   0.2480
 4.90  -0.1037   0.3758   0.2721
 5.00  -0.1024   0.4380   0.3357
 5.10  -0.0996   0.5227   0.4231
 5.20  -0.0958   0.5633   0.4676
 5.30  -0.0931   0.5291   0.4362
 5.40  -0.0884   0.4971   0.4086
 5.50  -0.0844   0.4903   0.4059
 5.60  -0.0814   0.4719   0.3905
 5.70  -0.0765   0.4513   0.3749
 5.80  -0.0726   0.4309   0.3583
 5.90  -0.0693   0.4367   0.3675
 6.00  -0.0636   0.4370   0.3734
 6.10  -0.0585   0.4094   0.3510
 6.20  -0.0465   0.3379   0.2914
 6.30  -0.0442   0.3301   0.2858
 6.40  -0.0423   0.3340   0.2917
 6.50  -0.0351   0.3125   0.2774
 6.60  -0.0293   0.3126   0.2833
 6.70  -0.0245   0.3227   0.2980
 6.80  -0.0193   0.3197   0.3003
 6.90  -0.0131   0.2989   0.2857
 7.00  -0.0089   0.2873   0.2785
 7.10  -0.0066   0.2799   0.2735
 7.20  -0.0049   0.2704   0.2654
 7.30  -0.0074   0.2810   0.2736
 7.40  -0.0106   0.3001   0.2896
 7.50  -0.0145   0.3287   0.3140
 7.60  -0.0193   0.3562   0.3369
 7.70  -0.0212   0.3750   0.3539
 7.80  -0.0225   0.3929   0.3704
 7.90  -0.0222   0.4042   0.3820
 8.00  -0.0197   0.4056   0.3857
 8.10  -0.0188   0.4196   0.4009
 8.20  -0.0178   0.4497   0.4321
 8.30  -0.0121   0.4503   0.4383
 8.40  -0.0060   0.4515   0.4455
 8.50   0.0004   0.4570   0.4575
 8.60   0.0071   0.4572   0.4644
 8.70   0.0120   0.4674   0.4795
 8.80   0.0182   0.4721   0.4903
 8.90   0.0250   0.4720   0.4971
 9.00   0.0304   0.4729   0.5034
 9.10   0.0363   0.4677   0.5040
 9.20   0.0419   0.4753   0.5172
 9.30   0.0465   0.4878   0.5343
 9.40   0.0515   0.4986   0.5501
 9.50   0.0573   0.5084   0.5658
 9.60   0.0651   0.5114   0.5764
 9.70   0.0749   0.5136   0.5884
 9.80   0.0849   0.5031   0.5883
 9.90   0.0949   0.4943   0.5889
10.00   0.1037   0.4922   0.5957
10.10   0.1133   0.4928   0.6063
10.20   0.1236   0.4981   0.6215
10.30   0.1356   0.4824   0.6180
10.40   0.1449   0.4820   0.6270
10.50   0.1550   0.4747   0.6298
10.60   0.1654   0.4666   0.6320
10.70   0.1748   0.4675   0.6422
10.80   0.1859   0.4638   0.6497
10.90   0.1978   0.4557   0.6535
11.00   0.2100   0.4503   0.6605
11.10   0.2227   0.4385   0.6611
11.20   0.2373   0.4203   0.6578
11.30   0.2520   0.4096   0.6615
11.40   0.2649   0.4080   0.6728
11.50   0.2804   0.3945   0.6750
11.60   0.2962   0.3909   0.6872
11.70   0.3131   0.3752   0.6884
11.80   0.3299   0.3624   0.6924
11.90   0.3455   0.3409   0.6865
12.00   0.3622   0.3287   0.6909
12.10   0.3799   0.3080   0.6877
12.20   0.3960   0.3075   0.7036
12.30   0.4109   0.2956   0.7064
12.40   0.4219   0.2852   0.7070
12.50   0.4303   0.2730   0.7033
12.60   0.4375   0.2566   0.6941
12.70   0.4431   0.2420   0.6851
12.80   0.4480   0.2265   0.6745
12.90   0.4508   0.2091   0.6600
13.00   0.4514   0.1927   0.6439
13.10   0.4509   0.1712   0.6221
13.20   0.4483   0.1533   0.6016
13.30   0.4431   0.1355   0.5786
13.40   0.4359   0.1323   0.5686
13.50   0.4298   0.1097   0.5397
13.60   0.4214   0.1119   0.5332
13.70   0.4124   0.0934   0.5059
13.80   0.4020   0.1009   0.5030
13.90   0.3892   0.0944   0.4835
14.00   0.3753   0.0918   0.4672
14.10   0.3613   0.0864   0.4476
14.20   0.3474   0.0859   0.4334
14.30   0.3304   0.1042   0.4345
14.40   0.3168   0.1149   0.4317
14.50   0.3020   0.1338   0.4358
14.60   0.2885   0.1296   0.4182
14.70   0.2752   0.1241   0.3992
14.80   0.2601   0.1173   0.3773
14.90   0.2461   0.1071   0.3533
15.00   0.2298   0.1024   0.3321
15.10   0.2136   0.0917   0.3053
15.20   0.1999   0.0801   0.2800
15.30   0.1842   0.0777   0.2620
15.40   0.1707   0.0712   0.2421
15.50   0.1573   0.0630   0.2203
15.60   0.1406   0.0609   0.2015
15.70   0.1287   0.0578   0.1866
15.80   0.1165   0.0519   0.1684
15.90   0.1028   0.0548   0.1577
16.00   0.0914   0.0476   0.1391
16.10   0.0781   0.0384   0.1167
16.20   0.0665   0.0361   0.1022
16.30   0.0574   0.0223   0.0793
16.40   0.0442   0.0153   0.0593
16.50   0.0372   0.0010   0.0380
16.60   0.0315  -0.0098   0.0218
16.70   0.0236  -0.0195   0.0045
16.80   0.0192  -0.0291  -0.0097
16.90   0.0143  -0.0369  -0.0223
17.00   0.0112  -0.0480  -0.0366
17.10   0.0087  -0.0528  -0.0442
17.20   0.0067  -0.0570  -0.0503
17.30   0.0058  -0.0604  -0.0546
17.40   0.0056  -0.0615  -0.0560
17.50   0.0057  -0.0626  -0.0569
17.60   0.0059  -0.0640  -0.0580
17.70   0.0062  -0.0653  -0.0591
17.80   0.0066  -0.0668  -0.0600
17.90   0.0071  -0.0684  -0.0614
18.00   0.0075  -0.0703  -0.0628
18.10   0.0080  -0.0722  -0.0643
18.20   0.0084  -0.0743  -0.0658
18.30   0.0089  -0.0763  -0.0673
18.40   0.0095  -0.0787  -0.0690
18.50   0.0100  -0.0808  -0.0708
18.60   0.0106  -0.0832  -0.0724
18.70   0.0112  -0.0849  -0.0736
18.80   0.0118  -0.0860  -0.0746
18.90   0.0120  -0.0871  -0.0752
19.00   0.0125  -0.0883  -0.0757
19.10   0.0130  -0.0897  -0.0764
19.20   0.0134  -0.0908  -0.0774
19.30   0.0140  -0.0920  -0.0780
19.40   0.0145  -0.0933  -0.0787
19.50   0.0153  -0.0945  -0.0793
19.60   0.0159  -0.0960  -0.0802
19.70   0.0163  -0.0977  -0.0810
19.80   0.0174  -0.0992  -0.0820
19.90   0.0180  -0.1008  -0.0828
20.00   0.0188  -0.1025  -0.0838
20.10   0.0198  -0.1043  -0.0846
20.20   0.0206  -0.1061  -0.0856
20.30   0.0213  -0.1080  -0.0865
20.40   0.0225  -0.1100  -0.0875
20.50   0.0237  -0.1121  -0.0885
20.60   0.0249  -0.1140  -0.0893
20.70   0.0258  -0.1155  -0.0898
20.80   0.0266  -0.1163  -0.0898
20.90   0.0272  -0.1168  -0.0894
21.00   0.0280  -0.1171  -0.0890
21.10   0.0291  -0.1176  -0.0887
21.20   0.0295  -0.1181  -0.0885
21.30   0.0305  -0.1187  -0.0881
21.40   0.0315  -0.1191  -0.0877
21.50   0.0321  -0.1198  -0.0875
21.60   0.0332  -0.1204  -0.0873
21.70   0.0342  -0.1213  -0.0870
21.80   0.0351  -0.1221  -0.0869
21.90   0.0361  -0.1230  -0.0866
22.00   0.0372  -0.1239  -0.0865
22.10   0.0385  -0.1248  -0.0863
22.20   0.0396  -0.1255  -0.0858
22.30   0.0410  -0.1262  -0.0853
22.40   0.0422  -0.1271  -0.0849
22.50   0.0436  -0.1280  -0.0843
22.60   0.0450  -0.1289  -0.0838
22.70   0.0464  -0.1298  -0.0835
22.80   0.0478  -0.1306  -0.0829
22.90   0.0494  -0.1318  -0.0823
23.00   0.0508  -0.1327  -0.0819
23.10   0.0524  -0.1338  -0.0814
23.20   0.0540  -0.1348  -0.0807
23.30   0.0557  -0.1358  -0.0802
23.40   0.0574  -0.1369  -0.0796
23.50   0.0591  -0.1380  -0.0788
23.60   0.0609  -0.1390  -0.0781
23.70   0.0627  -0.1399  -0.0775
23.80   0.0644  -0.1410  -0.0766
23.90   0.0663  -0.1422  -0.0757
24.00   0.0683  -0.1433  -0.0749
24.10   0.0702  -0.1441  -0.0741
24.20   0.0718  -0.1451  -0.0730
24.30   0.0738  -0.1460  -0.0720
24.40   0.0758  -0.1469  -0.0711
24.50   0.0777  -0.1477  -0.0700
24.60   0.0797  -0.1485  -0.0688
24.70   0.0815  -0.1492  -0.0676
24.80   0.0835  -0.1500  -0.0664
24.90   0.0853  -0.1505  -0.0650
25.00   0.0872  -0.1511  -0.0637
25.10   0.0892  -0.1513  -0.0621
25.20   0.0911  -0.1516  -0.0604
25.30   0.0932  -0.1517  -0.0587
25.40   0.0949  -0.1519  -0.0568
25.50   0.0967  -0.1520  -0.0552
25.60   0.0987  -0.1520  -0.0533
25.70   0.1006  -0.1519  -0.0516
25.80   0.1022  -0.1519  -0.0498
25.90   0.1040  -0.1517  -0.0478
26.00   0.1058  -0.1515  -0.0458
26.10   0.1075  -0.1515  -0.0441
26.20   0.1091  -0.1514  -0.0421
26.30   0.1107  -0.1511  -0.0401
26.40   0.1125  -0.1507  -0.0382
26.50   0.1142  -0.1506  -0.0364
26.60   0.1160  -0.1504  -0.0345
26.70   0.1179  -0.1503  -0.0326
26.80   0.1199  -0.1504  -0.0305
26.90   0.1216  -0.1504  -0.0287
27.00   0.1238  -0.1504  -0.0267
27.10   0.1255  -0.1503  -0.0248
27.20   0.1275  -0.1502  -0.0228
27.30   0.1293  -0.1502  -0.0208
27.40   0.1311  -0.1500  -0.0189
27.50   0.1329  -0.1498  -0.0170
27.60   0.1346  -0.1496  -0.0149
27.70   0.1362  -0.1493  -0.0130
27.80   0.1380  -0.1491  -0.0110
27.90   0.1394  -0.1486  -0.0092
28.00   0.1411  -0.1482  -0.0072
28.10   0.1425  -0.1476  -0.0053
28.20   0.1440  -0.1471  -0.0032
28.30   0.1455  -0.1465  -0.0011
28.40   0.1469  -0.1460   0.0011
28.50   0.1482  -0.1453   0.0030
28.60   0.1496  -0.1446   0.0049
28.70   0.1505  -0.1438   0.0068
28.80   0.1521  -0.1432   0.0088
28.90   0.1530  -0.1424   0.0106
29.00   0.1541  -0.1417   0.0125
29.10   0.1551  -0.1407   0.0142
29.20   0.1559  -0.1400   0.0161
29.30   0.1570  -0.1392   0.0178
29.40   0.1579  -0.1385   0.0195
29.50   0.1584  -0.1373   0.0213
29.60   0.1595  -0.1364   0.0229
29.70   0.1601  -0.1357   0.0244
29.80   0.1608  -0.1348   0.0260
29.90   0.1616  -0.1339   0.0275
30.00   0.1620  -0.1330   0.0290
