     height (km) solar hr (K/day)    IR hr (K/day)   Net hr (K/day)
 0.00  -0.0759  -0.1341  -0.2101
 0.10  -0.0775  -0.0795  -0.1571
 0.20  -0.0791  -0.0249  -0.1041
 0.30  -0.0807   0.0266  -0.0541
 0.40  -0.0823   0.0735  -0.0087
 0.50  -0.0831   0.1132   0.0301
 0.60  -0.0831   0.1462   0.0630
 0.70  -0.0821   0.1688   0.0867
 0.80  -0.0803   0.1860   0.1056
 0.90  -0.0778   0.2065   0.1287
 1.00  -0.0739   0.2252   0.1513
 1.10  -0.0681   0.2280   0.1599
 1.20  -0.0602   0.2111   0.1508
 1.30  -0.0500   0.1472   0.0973
 1.40  -0.0428   0.0883   0.0455
 1.50  -0.0399   0.0691   0.0292
 1.60  -0.0378   0.0473   0.0095
 1.70  -0.0369   0.0284  -0.0085
 1.80  -0.0371   0.0193  -0.0179
 1.90  -0.0375   0.0056  -0.0319
 2.00  -0.0387   0.0023  -0.0365
 2.10  -0.0402  -0.0009  -0.0410
 2.20  -0.0425   0.0123  -0.0302
 2.30  -0.0447   0.0301  -0.0146
 2.40  -0.0465   0.0450  -0.0016
 2.50  -0.0482   0.0599   0.0117
 2.60  -0.0497   0.0739   0.0242
 2.70  -0.0511   0.0900   0.0389
 2.80  -0.0519   0.0956   0.0437
 2.90  -0.0525   0.0957   0.0432
 3.00  -0.0547   0.1146   0.0599
 3.10  -0.0561   0.1315   0.0755
 3.20  -0.0568   0.1449   0.0882
 3.30  -0.0575   0.1608   0.1034
 3.40  -0.0577   0.1723   0.1146
 3.50  -0.0575   0.1785   0.1210
 3.60  -0.0571   0.1811   0.1241
 3.70  -0.0565   0.1829   0.1264
 3.80  -0.0556   0.1804   0.1247
 3.90  -0.0544   0.1774   0.1230
 4.00  -0.0529   0.1628   0.1099
 4.10  -0.0522   0.1563   0.1040
 4.20  -0.0520   0.1573   0.1052
 4.30  -0.0525   0.1628   0.1103
 4.40  -0.0529   0.1717   0.1188
 4.50  -0.0530   0.1758   0.1229
 4.60  -0.0527   0.1728   0.1202
 4.70  -0.0521   0.1704   0.1183
 4.80  -0.0514   0.1819   0.1304
 4.90  -0.0505   0.2001   0.1496
 5.00  -0.0492   0.2226   0.1734
 5.10  -0.0476   0.2523   0.2047
 5.20  -0.0453   0.2703   0.2250
 5.30  -0.0426   0.2632   0.2207
 5.40  -0.0388   0.2479   0.2090
 5.50  -0.0356   0.2376   0.2020
 5.60  -0.0332   0.2376   0.2044
 5.70  -0.0303   0.2284   0.1982
 5.80  -0.0266   0.2178   0.1913
 5.90  -0.0231   0.2103   0.1872
 6.00  -0.0192   0.1993   0.1800
 6.10  -0.0154   0.1845   0.1691
 6.20  -0.0113   0.1700   0.1588
 6.30  -0.0085   0.1637   0.1553
 6.40  -0.0056   0.1582   0.1527
 6.50  -0.0023   0.1534   0.1511
 6.60   0.0008   0.1450   0.1458
 6.70   0.0031   0.1392   0.1423
 6.80   0.0047   0.1360   0.1407
 6.90   0.0067   0.1264   0.1331
 7.00   0.0071   0.1257   0.1329
 7.10   0.0068   0.1288   0.1356
 7.20   0.0065   0.1315   0.1379
 7.30   0.0049   0.1446   0.1495
 7.40   0.0030   0.1582   0.1612
 7.50   0.0014   0.1745   0.1759
 7.60   0.0000   0.1892   0.1892
 7.70  -0.0003   0.1977   0.1974
 7.80  -0.0004   0.2031   0.2027
 7.90  -0.0007   0.2125   0.2118
 8.00  -0.0001   0.2204   0.2202
 8.10   0.0007   0.2300   0.2307
 8.20   0.0021   0.2405   0.2426
 8.30   0.0051   0.2421   0.2472
 8.40   0.0085   0.2414   0.2499
 8.50   0.0114   0.2449   0.2564
 8.60   0.0147   0.2466   0.2614
 8.70   0.0174   0.2513   0.2688
 8.80   0.0205   0.2552   0.2758
 8.90   0.0242   0.2550   0.2792
 9.00   0.0271   0.2612   0.2883
 9.10   0.0305   0.2647   0.2951
 9.20   0.0338   0.2712   0.3049
 9.30   0.0372   0.2764   0.3136
 9.40   0.0410   0.2803   0.3213
 9.50   0.0447   0.2879   0.3326
 9.60   0.0490   0.2919   0.3409
 9.70   0.0539   0.2969   0.3509
 9.80   0.0590   0.2958   0.3549
 9.90   0.0645   0.2971   0.3616
10.00   0.0704   0.2998   0.3702
10.10   0.0769   0.2976   0.3746
10.20   0.0834   0.2986   0.3819
10.30   0.0907   0.2913   0.3819
10.40   0.0977   0.2888   0.3866
10.50   0.1050   0.2838   0.3888
10.60   0.1124   0.2789   0.3913
10.70   0.1199   0.2745   0.3943
10.80   0.1276   0.2668   0.3944
10.90   0.1356   0.2621   0.3978
11.00   0.1439   0.2518   0.3958
11.10   0.1515   0.2464   0.3979
11.20   0.1602   0.2348   0.3950
11.30   0.1691   0.2247   0.3938
11.40   0.1773   0.2159   0.3933
11.50   0.1856   0.2056   0.3912
11.60   0.1942   0.1972   0.3915
11.70   0.2032   0.1845   0.3877
11.80   0.2119   0.1730   0.3849
11.90   0.2201   0.1567   0.3768
12.00   0.2277   0.1466   0.3744
12.10   0.2348   0.1335   0.3683
12.20   0.2405   0.1263   0.3668
12.30   0.2452   0.1146   0.3598
12.40   0.2478   0.1079   0.3557
12.50   0.2493   0.0958   0.3452
12.60   0.2490   0.0896   0.3387
12.70   0.2481   0.0801   0.3283
12.80   0.2463   0.0727   0.3190
12.90   0.2439   0.0635   0.3074
13.00   0.2398   0.0600   0.2997
13.10   0.2354   0.0500   0.2854
13.20   0.2295   0.0482   0.2778
13.30   0.2236   0.0415   0.2651
13.40   0.2168   0.0397   0.2566
13.50   0.2096   0.0367   0.2463
13.60   0.2019   0.0386   0.2405
13.70   0.1939   0.0384   0.2323
13.80   0.1862   0.0419   0.2282
13.90   0.1778   0.0441   0.2220
14.00   0.1694   0.0451   0.2145
14.10   0.1607   0.0482   0.2089
14.20   0.1528   0.0491   0.2019
14.30   0.1440   0.0571   0.2012
14.40   0.1353   0.0655   0.2007
14.50   0.1270   0.0736   0.2006
14.60   0.1189   0.0732   0.1920
14.70   0.1116   0.0708   0.1823
14.80   0.1036   0.0692   0.1728
14.90   0.0969   0.0645   0.1613
15.00   0.0899   0.0617   0.1516
15.10   0.0831   0.0578   0.1409
15.20   0.0771   0.0525   0.1296
15.30   0.0707   0.0472   0.1179
15.40   0.0646   0.0415   0.1062
15.50   0.0594   0.0343   0.0936
15.60   0.0530   0.0306   0.0836
15.70   0.0481   0.0284   0.0765
15.80   0.0431   0.0256   0.0688
15.90   0.0382   0.0236   0.0618
16.00   0.0344   0.0198   0.0542
16.10   0.0303   0.0156   0.0459
16.20   0.0266   0.0119   0.0384
16.30   0.0232   0.0078   0.0310
16.40   0.0197   0.0030   0.0227
16.50   0.0170  -0.0015   0.0154
16.60   0.0147  -0.0056   0.0092
16.70   0.0123  -0.0091   0.0032
16.80   0.0105  -0.0122  -0.0017
16.90   0.0087  -0.0162  -0.0075
17.00   0.0072  -0.0199  -0.0127
17.10   0.0061  -0.0223  -0.0162
17.20   0.0053  -0.0244  -0.0191
17.30   0.0048  -0.0265  -0.0217
17.40   0.0046  -0.0292  -0.0246
17.50   0.0045  -0.0310  -0.0265
17.60   0.0045  -0.0327  -0.0282
17.70   0.0045  -0.0343  -0.0297
17.80   0.0048  -0.0353  -0.0305
17.90   0.0049  -0.0365  -0.0315
18.00   0.0052  -0.0375  -0.0323
18.10   0.0055  -0.0386  -0.0331
18.20   0.0058  -0.0397  -0.0339
18.30   0.0061  -0.0408  -0.0346
18.40   0.0065  -0.0418  -0.0353
18.50   0.0069  -0.0430  -0.0361
18.60   0.0073  -0.0441  -0.0367
18.70   0.0077  -0.0450  -0.0373
18.80   0.0080  -0.0456  -0.0376
18.90   0.0082  -0.0461  -0.0378
19.00   0.0086  -0.0466  -0.0380
19.10   0.0089  -0.0472  -0.0382
19.20   0.0093  -0.0478  -0.0385
19.30   0.0096  -0.0483  -0.0387
19.40   0.0100  -0.0489  -0.0389
19.50   0.0104  -0.0495  -0.0391
19.60   0.0109  -0.0502  -0.0393
19.70   0.0113  -0.0509  -0.0395
19.80   0.0118  -0.0516  -0.0398
19.90   0.0124  -0.0524  -0.0401
20.00   0.0130  -0.0532  -0.0403
20.10   0.0136  -0.0541  -0.0405
20.20   0.0142  -0.0550  -0.0409
20.30   0.0148  -0.0559  -0.0411
20.40   0.0155  -0.0568  -0.0413
20.50   0.0162  -0.0578  -0.0415
20.60   0.0170  -0.0587  -0.0418
20.70   0.0177  -0.0596  -0.0418
20.80   0.0183  -0.0600  -0.0417
20.90   0.0189  -0.0603  -0.0414
21.00   0.0194  -0.0606  -0.0411
21.10   0.0201  -0.0609  -0.0408
21.20   0.0206  -0.0612  -0.0406
21.30   0.0212  -0.0615  -0.0402
21.40   0.0219  -0.0618  -0.0399
21.50   0.0225  -0.0621  -0.0396
21.60   0.0232  -0.0625  -0.0393
21.70   0.0239  -0.0629  -0.0390
21.80   0.0246  -0.0632  -0.0387
21.90   0.0254  -0.0637  -0.0383
22.00   0.0261  -0.0641  -0.0380
22.10   0.0269  -0.0646  -0.0376
22.20   0.0279  -0.0649  -0.0371
22.30   0.0287  -0.0653  -0.0365
22.40   0.0296  -0.0656  -0.0360
22.50   0.0305  -0.0660  -0.0355
22.60   0.0315  -0.0664  -0.0349
22.70   0.0324  -0.0668  -0.0343
22.80   0.0335  -0.0672  -0.0337
22.90   0.0345  -0.0676  -0.0331
23.00   0.0355  -0.0680  -0.0325
23.10   0.0366  -0.0684  -0.0318
23.20   0.0377  -0.0688  -0.0312
23.30   0.0388  -0.0693  -0.0305
23.40   0.0399  -0.0697  -0.0298
23.50   0.0411  -0.0701  -0.0290
23.60   0.0422  -0.0705  -0.0283
23.70   0.0434  -0.0709  -0.0275
23.80   0.0446  -0.0713  -0.0268
23.90   0.0458  -0.0718  -0.0259
24.00   0.0471  -0.0721  -0.0250
24.10   0.0484  -0.0724  -0.0242
24.20   0.0496  -0.0728  -0.0232
24.30   0.0508  -0.0731  -0.0223
24.40   0.0521  -0.0735  -0.0214
24.50   0.0534  -0.0737  -0.0204
24.60   0.0546  -0.0740  -0.0194
24.70   0.0558  -0.0743  -0.0184
24.80   0.0571  -0.0745  -0.0174
24.90   0.0584  -0.0747  -0.0164
25.00   0.0596  -0.0749  -0.0153
25.10   0.0609  -0.0750  -0.0142
25.20   0.0621  -0.0751  -0.0129
25.30   0.0633  -0.0750  -0.0117
25.40   0.0645  -0.0750  -0.0104
25.50   0.0657  -0.0750  -0.0092
25.60   0.0669  -0.0750  -0.0079
25.70   0.0681  -0.0749  -0.0068
25.80   0.0693  -0.0748  -0.0056
25.90   0.0705  -0.0747  -0.0043
26.00   0.0716  -0.0746  -0.0030
26.10   0.0727  -0.0746  -0.0017
26.20   0.0738  -0.0744  -0.0006
26.30   0.0749  -0.0743   0.0007
26.40   0.0760  -0.0741   0.0019
26.50   0.0772  -0.0740   0.0032
26.60   0.0783  -0.0739   0.0044
26.70   0.0795  -0.0738   0.0057
26.80   0.0808  -0.0738   0.0070
26.90   0.0820  -0.0738   0.0082
27.00   0.0833  -0.0737   0.0095
27.10   0.0845  -0.0737   0.0108
27.20   0.0857  -0.0737   0.0121
27.30   0.0869  -0.0736   0.0133
27.40   0.0881  -0.0735   0.0146
27.50   0.0893  -0.0734   0.0158
27.60   0.0904  -0.0733   0.0171
27.70   0.0915  -0.0731   0.0184
27.80   0.0926  -0.0730   0.0196
27.90   0.0936  -0.0729   0.0208
28.00   0.0947  -0.0727   0.0220
28.10   0.0957  -0.0724   0.0232
28.20   0.0966  -0.0721   0.0245
28.30   0.0976  -0.0718   0.0257
28.40   0.0985  -0.0716   0.0269
28.50   0.0994  -0.0712   0.0281
28.60   0.1002  -0.0709   0.0293
28.70   0.1010  -0.0706   0.0304
28.80   0.1018  -0.0702   0.0316
28.90   0.1025  -0.0699   0.0327
29.00   0.1032  -0.0695   0.0337
29.10   0.1039  -0.0691   0.0348
29.20   0.1045  -0.0688   0.0358
29.30   0.1052  -0.0684   0.0368
29.40   0.1058  -0.0680   0.0378
29.50   0.1062  -0.0676   0.0388
29.60   0.1068  -0.0671   0.0397
29.70   0.1073  -0.0668   0.0405
29.80   0.1078  -0.0663   0.0414
29.90   0.1082  -0.0659   0.0422
30.00   0.1085  -0.0655   0.0431
