     height (km) solar hr (K/day)    IR hr (K/day)   Net hr (K/day)
 0.00  -0.0971  -0.1428  -0.2401
 0.10  -0.0998  -0.0755  -0.1754
 0.20  -0.1025  -0.0082  -0.1106
 0.30  -0.1051   0.0563  -0.0488
 0.40  -0.1077   0.1150   0.0074
 0.50  -0.1092   0.1619   0.0527
 0.60  -0.1099   0.1991   0.0892
 0.70  -0.1100   0.2346   0.1245
 0.80  -0.1093   0.2684   0.1591
 0.90  -0.1074   0.3005   0.1932
 1.00  -0.1037   0.3250   0.2212
 1.10  -0.0980   0.3342   0.2362
 1.20  -0.0901   0.3219   0.2318
 1.30  -0.0808   0.2821   0.2012
 1.40  -0.0731   0.2263   0.1532
 1.50  -0.0674   0.1695   0.1020
 1.60  -0.0637   0.1161   0.0524
 1.70  -0.0627   0.0829   0.0202
 1.80  -0.0641   0.0735   0.0094
 1.90  -0.0669   0.0803   0.0134
 2.00  -0.0696   0.0877   0.0182
 2.10  -0.0721   0.0981   0.0260
 2.20  -0.0744   0.1090   0.0346
 2.30  -0.0763   0.1160   0.0397
 2.40  -0.0780   0.1239   0.0459
 2.50  -0.0798   0.1353   0.0555
 2.60  -0.0817   0.1489   0.0673
 2.70  -0.0837   0.1684   0.0847
 2.80  -0.0848   0.1791   0.0943
 2.90  -0.0857   0.1874   0.1017
 3.00  -0.0866   0.1993   0.1127
 3.10  -0.0871   0.2075   0.1203
 3.20  -0.0875   0.2176   0.1301
 3.30  -0.0875   0.2230   0.1356
 3.40  -0.0874   0.2289   0.1415
 3.50  -0.0872   0.2361   0.1488
 3.60  -0.0869   0.2400   0.1531
 3.70  -0.0867   0.2471   0.1604
 3.80  -0.0860   0.2487   0.1628
 3.90  -0.0851   0.2476   0.1625
 4.00  -0.0839   0.2383   0.1544
 4.10  -0.0833   0.2333   0.1501
 4.20  -0.0832   0.2361   0.1529
 4.30  -0.0834   0.2389   0.1555
 4.40  -0.0837   0.2421   0.1583
 4.50  -0.0844   0.2475   0.1631
 4.60  -0.0852   0.2516   0.1664
 4.70  -0.0857   0.2590   0.1733
 4.80  -0.0860   0.2689   0.1829
 4.90  -0.0859   0.2914   0.2055
 5.00  -0.0843   0.3365   0.2522
 5.10  -0.0814   0.3863   0.3050
 5.20  -0.0777   0.4143   0.3366
 5.30  -0.0740   0.4095   0.3354
 5.40  -0.0699   0.4044   0.3345
 5.50  -0.0650   0.3870   0.3220
 5.60  -0.0592   0.3690   0.3098
 5.70  -0.0547   0.3560   0.3012
 5.80  -0.0489   0.3395   0.2905
 5.90  -0.0434   0.3282   0.2848
 6.00  -0.0391   0.3169   0.2777
 6.10  -0.0346   0.3089   0.2743
 6.20  -0.0304   0.3011   0.2707
 6.30  -0.0262   0.2915   0.2652
 6.40  -0.0221   0.2838   0.2617
 6.50  -0.0179   0.2785   0.2606
 6.60  -0.0136   0.2682   0.2546
 6.70  -0.0092   0.2576   0.2484
 6.80  -0.0056   0.2508   0.2453
 6.90  -0.0027   0.2435   0.2408
 7.00  -0.0017   0.2408   0.2392
 7.10  -0.0008   0.2389   0.2381
 7.20  -0.0004   0.2414   0.2409
 7.30  -0.0002   0.2475   0.2473
 7.40   0.0005   0.2487   0.2492
 7.50  -0.0003   0.2619   0.2617
 7.60  -0.0003   0.2715   0.2712
 7.70  -0.0003   0.2843   0.2839
 7.80   0.0000   0.2924   0.2924
 7.90   0.0011   0.3020   0.3032
 8.00   0.0026   0.3112   0.3138
 8.10   0.0045   0.3224   0.3270
 8.20   0.0072   0.3328   0.3400
 8.30   0.0116   0.3351   0.3468
 8.40   0.0170   0.3332   0.3502
 8.50   0.0221   0.3346   0.3567
 8.60   0.0273   0.3366   0.3639
 8.70   0.0323   0.3387   0.3710
 8.80   0.0368   0.3437   0.3805
 8.90   0.0418   0.3493   0.3910
 9.00   0.0462   0.3575   0.4037
 9.10   0.0510   0.3655   0.4164
 9.20   0.0567   0.3677   0.4243
 9.30   0.0620   0.3732   0.4352
 9.40   0.0674   0.3796   0.4469
 9.50   0.0733   0.3868   0.4601
 9.60   0.0800   0.3943   0.4743
 9.70   0.0871   0.3997   0.4869
 9.80   0.0948   0.3999   0.4947
 9.90   0.1032   0.3979   0.5011
10.00   0.1119   0.3994   0.5113
10.10   0.1224   0.3953   0.5176
10.20   0.1318   0.3978   0.5296
10.30   0.1421   0.3923   0.5344
10.40   0.1523   0.3910   0.5433
10.50   0.1631   0.3858   0.5488
10.60   0.1741   0.3795   0.5536
10.70   0.1850   0.3746   0.5595
10.80   0.1962   0.3690   0.5652
10.90   0.2081   0.3618   0.5700
11.00   0.2201   0.3537   0.5737
11.10   0.2329   0.3415   0.5744
11.20   0.2463   0.3288   0.5750
11.30   0.2610   0.3100   0.5710
11.40   0.2754   0.2983   0.5738
11.50   0.2903   0.2794   0.5697
11.60   0.3052   0.2650   0.5702
11.70   0.3202   0.2448   0.5650
11.80   0.3349   0.2234   0.5583
11.90   0.3487   0.2015   0.5502
12.00   0.3625   0.1783   0.5409
12.10   0.3757   0.1567   0.5324
12.20   0.3882   0.1307   0.5190
12.30   0.3980   0.1083   0.5063
12.40   0.4046   0.0855   0.4900
12.50   0.4075   0.0638   0.4713
12.60   0.4080   0.0412   0.4492
12.70   0.4069   0.0221   0.4290
12.80   0.4041  -0.0006   0.4036
12.90   0.3993  -0.0177   0.3816
13.00   0.3929  -0.0349   0.3580
13.10   0.3846  -0.0465   0.3381
13.20   0.3744  -0.0549   0.3195
13.30   0.3635  -0.0620   0.3015
13.40   0.3514  -0.0679   0.2835
13.50   0.3385  -0.0723   0.2661
13.60   0.3248  -0.0724   0.2523
13.70   0.3099  -0.0731   0.2369
13.80   0.2944  -0.0674   0.2271
13.90   0.2787  -0.0646   0.2141
14.00   0.2622  -0.0549   0.2074
14.10   0.2466  -0.0467   0.2000
14.20   0.2314  -0.0373   0.1941
14.30   0.2168  -0.0261   0.1906
14.40   0.2026  -0.0119   0.1907
14.50   0.1879   0.0060   0.1939
14.60   0.1749   0.0089   0.1839
14.70   0.1612   0.0146   0.1759
14.80   0.1484   0.0187   0.1671
14.90   0.1367   0.0219   0.1586
15.00   0.1247   0.0255   0.1502
15.10   0.1144   0.0264   0.1409
15.20   0.1043   0.0281   0.1324
15.30   0.0951   0.0281   0.1231
15.40   0.0872   0.0251   0.1122
15.50   0.0789   0.0263   0.1053
15.60   0.0720   0.0268   0.0988
15.70   0.0656   0.0272   0.0929
15.80   0.0590   0.0273   0.0863
15.90   0.0532   0.0274   0.0806
16.00   0.0481   0.0256   0.0737
16.10   0.0426   0.0250   0.0676
16.20   0.0387   0.0212   0.0598
16.30   0.0345   0.0175   0.0519
16.40   0.0303   0.0134   0.0437
16.50   0.0273   0.0083   0.0356
16.60   0.0245   0.0024   0.0269
16.70   0.0216  -0.0032   0.0183
16.80   0.0194  -0.0092   0.0101
16.90   0.0166  -0.0150   0.0016
17.00   0.0140  -0.0214  -0.0075
17.10   0.0117  -0.0254  -0.0138
17.20   0.0096  -0.0280  -0.0185
17.30   0.0079  -0.0318  -0.0239
17.40   0.0068  -0.0335  -0.0267
17.50   0.0062  -0.0356  -0.0294
17.60   0.0055  -0.0369  -0.0314
17.70   0.0052  -0.0384  -0.0331
17.80   0.0052  -0.0400  -0.0348
17.90   0.0052  -0.0411  -0.0359
18.00   0.0052  -0.0422  -0.0369
18.10   0.0055  -0.0435  -0.0380
18.20   0.0058  -0.0449  -0.0392
18.30   0.0062  -0.0464  -0.0403
18.40   0.0066  -0.0481  -0.0415
18.50   0.0070  -0.0497  -0.0427
18.60   0.0075  -0.0512  -0.0438
18.70   0.0078  -0.0521  -0.0443
18.80   0.0080  -0.0528  -0.0447
18.90   0.0083  -0.0534  -0.0451
19.00   0.0086  -0.0542  -0.0455
19.10   0.0090  -0.0550  -0.0460
19.20   0.0093  -0.0559  -0.0465
19.30   0.0097  -0.0568  -0.0470
19.40   0.0102  -0.0578  -0.0477
19.50   0.0107  -0.0590  -0.0483
19.60   0.0112  -0.0602  -0.0490
19.70   0.0118  -0.0616  -0.0498
19.80   0.0124  -0.0631  -0.0506
19.90   0.0131  -0.0646  -0.0515
20.00   0.0138  -0.0663  -0.0525
20.10   0.0146  -0.0680  -0.0534
20.20   0.0154  -0.0698  -0.0543
20.30   0.0163  -0.0716  -0.0553
20.40   0.0172  -0.0735  -0.0563
20.50   0.0181  -0.0754  -0.0572
20.60   0.0191  -0.0770  -0.0579
20.70   0.0198  -0.0779  -0.0581
20.80   0.0205  -0.0786  -0.0581
20.90   0.0212  -0.0792  -0.0580
21.00   0.0219  -0.0799  -0.0579
21.10   0.0227  -0.0806  -0.0579
21.20   0.0234  -0.0813  -0.0578
21.30   0.0243  -0.0821  -0.0578
21.40   0.0251  -0.0829  -0.0578
21.50   0.0259  -0.0837  -0.0577
21.60   0.0269  -0.0846  -0.0577
21.70   0.0279  -0.0855  -0.0576
21.80   0.0289  -0.0864  -0.0576
21.90   0.0300  -0.0874  -0.0575
22.00   0.0310  -0.0884  -0.0574
22.10   0.0321  -0.0893  -0.0571
22.20   0.0334  -0.0902  -0.0568
22.30   0.0346  -0.0911  -0.0565
22.40   0.0358  -0.0920  -0.0562
22.50   0.0372  -0.0931  -0.0559
22.60   0.0385  -0.0941  -0.0555
22.70   0.0399  -0.0951  -0.0552
22.80   0.0414  -0.0961  -0.0548
22.90   0.0428  -0.0972  -0.0543
23.00   0.0443  -0.0982  -0.0538
23.10   0.0459  -0.0992  -0.0533
23.20   0.0474  -0.1003  -0.0528
23.30   0.0491  -0.1013  -0.0522
23.40   0.0507  -0.1024  -0.0516
23.50   0.0524  -0.1034  -0.0510
23.60   0.0541  -0.1044  -0.0503
23.70   0.0559  -0.1055  -0.0496
23.80   0.0577  -0.1065  -0.0489
23.90   0.0595  -0.1075  -0.0481
24.00   0.0614  -0.1086  -0.0472
24.10   0.0632  -0.1096  -0.0463
24.20   0.0650  -0.1105  -0.0454
24.30   0.0669  -0.1115  -0.0445
24.40   0.0688  -0.1123  -0.0434
24.50   0.0707  -0.1131  -0.0424
24.60   0.0726  -0.1139  -0.0412
24.70   0.0744  -0.1145  -0.0401
24.80   0.0763  -0.1151  -0.0388
24.90   0.0781  -0.1155  -0.0374
25.00   0.0799  -0.1158  -0.0359
25.10   0.0817  -0.1160  -0.0344
25.20   0.0835  -0.1163  -0.0328
25.30   0.0851  -0.1164  -0.0312
25.40   0.0869  -0.1164  -0.0295
25.50   0.0885  -0.1164  -0.0280
25.60   0.0902  -0.1164  -0.0262
25.70   0.0918  -0.1163  -0.0245
25.80   0.0933  -0.1163  -0.0229
25.90   0.0948  -0.1161  -0.0212
26.00   0.0964  -0.1159  -0.0196
26.10   0.0978  -0.1157  -0.0178
26.20   0.0992  -0.1154  -0.0162
26.30   0.1007  -0.1152  -0.0145
26.40   0.1022  -0.1150  -0.0128
26.50   0.1038  -0.1149  -0.0111
26.60   0.1053  -0.1148  -0.0094
26.70   0.1070  -0.1147  -0.0078
26.80   0.1085  -0.1146  -0.0061
26.90   0.1101  -0.1145  -0.0044
27.00   0.1116  -0.1143  -0.0027
27.10   0.1131  -0.1142  -0.0011
27.20   0.1146  -0.1140   0.0006
27.30   0.1159  -0.1137   0.0023
27.40   0.1174  -0.1134   0.0040
27.50   0.1187  -0.1131   0.0056
27.60   0.1200  -0.1128   0.0072
27.70   0.1213  -0.1125   0.0088
27.80   0.1225  -0.1121   0.0104
27.90   0.1237  -0.1116   0.0121
28.00   0.1248  -0.1111   0.0137
28.10   0.1259  -0.1106   0.0153
28.20   0.1271  -0.1100   0.0170
28.30   0.1279  -0.1094   0.0185
28.40   0.1290  -0.1089   0.0201
28.50   0.1298  -0.1083   0.0216
28.60   0.1307  -0.1076   0.0230
28.70   0.1315  -0.1070   0.0245
28.80   0.1323  -0.1064   0.0259
28.90   0.1330  -0.1057   0.0273
29.00   0.1338  -0.1050   0.0287
29.10   0.1344  -0.1043   0.0300
29.20   0.1350  -0.1037   0.0313
29.30   0.1355  -0.1030   0.0325
29.40   0.1360  -0.1023   0.0337
29.50   0.1365  -0.1016   0.0349
29.60   0.1370  -0.1009   0.0361
29.70   0.1373  -0.1002   0.0372
29.80   0.1377  -0.0995   0.0383
29.90   0.1380  -0.0987   0.0393
30.00   0.1383  -0.0980   0.0403
