     height (km) solar hr (K/day)    IR hr (K/day)   Net hr (K/day)
 0.00  -0.1327  -0.1722  -0.3045
 0.10  -0.1368  -0.0847  -0.2213
 0.20  -0.1410   0.0027  -0.1381
 0.30  -0.1449   0.0843  -0.0605
 0.40  -0.1481   0.1528   0.0048
 0.50  -0.1501   0.2072   0.0570
 0.60  -0.1501   0.2483   0.0981
 0.70  -0.1494   0.2837   0.1343
 0.80  -0.1483   0.3171   0.1688
 0.90  -0.1463   0.3507   0.2043
 1.00  -0.1432   0.3812   0.2380
 1.10  -0.1391   0.4002   0.2610
 1.20  -0.1347   0.4139   0.2792
 1.30  -0.1311   0.4086   0.2775
 1.40  -0.1297   0.3967   0.2668
 1.50  -0.1289   0.3809   0.2518
 1.60  -0.1275   0.3592   0.2316
 1.70  -0.1261   0.3359   0.2097
 1.80  -0.1256   0.3182   0.1924
 1.90  -0.1252   0.2978   0.1725
 2.00  -0.1243   0.2646   0.1402
 2.10  -0.1266   0.2662   0.1398
 2.20  -0.1289   0.2777   0.1486
 2.30  -0.1289   0.2614   0.1324
 2.40  -0.1291   0.2399   0.1108
 2.50  -0.1311   0.2412   0.1100
 2.60  -0.1340   0.2580   0.1240
 2.70  -0.1366   0.2702   0.1337
 2.80  -0.1395   0.2887   0.1493
 2.90  -0.1420   0.3073   0.1653
 3.00  -0.1436   0.3276   0.1843
 3.10  -0.1443   0.3338   0.1897
 3.20  -0.1447   0.3373   0.1927
 3.30  -0.1453   0.3504   0.2051
 3.40  -0.1455   0.3688   0.2232
 3.50  -0.1450   0.3821   0.2370
 3.60  -0.1440   0.3908   0.2468
 3.70  -0.1428   0.3996   0.2567
 3.80  -0.1415   0.4067   0.2651
 3.90  -0.1390   0.4011   0.2621
 4.00  -0.1368   0.3994   0.2625
 4.10  -0.1354   0.4016   0.2663
 4.20  -0.1347   0.4007   0.2660
 4.30  -0.1349   0.3866   0.2518
 4.40  -0.1372   0.3934   0.2560
 4.50  -0.1405   0.4091   0.2686
 4.60  -0.1427   0.4105   0.2678
 4.70  -0.1444   0.4158   0.2714
 4.80  -0.1459   0.4362   0.2902
 4.90  -0.1462   0.4687   0.3222
 5.00  -0.1451   0.5321   0.3867
 5.10  -0.1425   0.6173   0.4748
 5.20  -0.1383   0.6682   0.5300
 5.30  -0.1342   0.6688   0.5345
 5.40  -0.1290   0.6574   0.5285
 5.50  -0.1270   0.6420   0.5150
 5.60  -0.1243   0.6437   0.5196
 5.70  -0.1186   0.6200   0.5013
 5.80  -0.1123   0.6071   0.4948
 5.90  -0.1064   0.5968   0.4904
 6.00  -0.0985   0.5804   0.4819
 6.10  -0.0922   0.5689   0.4767
 6.20  -0.0843   0.5476   0.4636
 6.30  -0.0775   0.5395   0.4621
 6.40  -0.0718   0.5280   0.4562
 6.50  -0.0664   0.5315   0.4652
 6.60  -0.0600   0.5306   0.4707
 6.70  -0.0528   0.5170   0.4643
 6.80  -0.0465   0.5019   0.4555
 6.90  -0.0430   0.4947   0.4518
 7.00  -0.0411   0.4952   0.4540
 7.10  -0.0383   0.4852   0.4469
 7.20  -0.0354   0.4735   0.4382
 7.30  -0.0341   0.4726   0.4384
 7.40  -0.0329   0.4710   0.4380
 7.50  -0.0329   0.4779   0.4451
 7.60  -0.0346   0.4988   0.4643
 7.70  -0.0357   0.5204   0.4847
 7.80  -0.0345   0.5363   0.5017
 7.90  -0.0311   0.5404   0.5094
 8.00  -0.0280   0.5500   0.5221
 8.10  -0.0243   0.5656   0.5412
 8.20  -0.0198   0.5781   0.5583
 8.30  -0.0133   0.5862   0.5730
 8.40  -0.0049   0.5922   0.5874
 8.50   0.0040   0.6012   0.6052
 8.60   0.0142   0.6075   0.6217
 8.70   0.0244   0.6133   0.6377
 8.80   0.0346   0.6107   0.6453
 8.90   0.0431   0.6108   0.6540
 9.00   0.0503   0.6231   0.6733
 9.10   0.0583   0.6274   0.6856
 9.20   0.0671   0.6302   0.6973
 9.30   0.0770   0.6272   0.7041
 9.40   0.0877   0.6165   0.7041
 9.50   0.0945   0.6486   0.7431
 9.60   0.1056   0.6582   0.7637
 9.70   0.1177   0.6663   0.7841
 9.80   0.1319   0.6628   0.7948
 9.90   0.1462   0.6562   0.8021
10.00   0.1615   0.6452   0.8067
10.10   0.1769   0.6430   0.8198
10.20   0.1920   0.6472   0.8393
10.30   0.2093   0.6377   0.8471
10.40   0.2259   0.6314   0.8573
10.50   0.2431   0.6167   0.8596
10.60   0.2573   0.6062   0.8633
10.70   0.2728   0.5996   0.8724
10.80   0.2887   0.5943   0.8830
10.90   0.3054   0.5916   0.8970
11.00   0.3236   0.5834   0.9070
11.10   0.3439   0.5708   0.9150
11.20   0.3664   0.5452   0.9116
11.30   0.3857   0.5297   0.9155
11.40   0.4089   0.5147   0.9234
11.50   0.4326   0.4884   0.9211
11.60   0.4551   0.4679   0.9231
11.70   0.4801   0.4337   0.9138
11.80   0.5054   0.4069   0.9123
11.90   0.5308   0.3658   0.8969
12.00   0.5530   0.3450   0.8980
12.10   0.5780   0.3073   0.8852
12.20   0.6017   0.2791   0.8807
12.30   0.6202   0.2413   0.8614
12.40   0.6315   0.2103   0.8416
12.50   0.6398   0.1745   0.8143
12.60   0.6460   0.1452   0.7912
12.70   0.6500   0.1071   0.7571
12.80   0.6524   0.0756   0.7279
12.90   0.6505   0.0407   0.6911
13.00   0.6457   0.0169   0.6627
13.10   0.6409  -0.0208   0.6203
13.20   0.6325  -0.0406   0.5918
13.30   0.6234  -0.0753   0.5480
13.40   0.6104  -0.0936   0.5167
13.50   0.5960  -0.1225   0.4734
13.60   0.5758  -0.1241   0.4518
13.70   0.5580  -0.1448   0.4132
13.80   0.5368  -0.1561   0.3805
13.90   0.5141  -0.1646   0.3494
14.00   0.4922  -0.1685   0.3238
14.10   0.4680  -0.1599   0.3078
14.20   0.4456  -0.1620   0.2837
14.30   0.4206  -0.1422   0.2786
14.40   0.3985  -0.1318   0.2667
14.50   0.3730  -0.1081   0.2649
14.60   0.3493  -0.1036   0.2458
14.70   0.3273  -0.1044   0.2228
14.80   0.3028  -0.0991   0.2038
14.90   0.2823  -0.1033   0.1791
15.00   0.2583  -0.0929   0.1654
15.10   0.2352  -0.0802   0.1554
15.20   0.2181  -0.0801   0.1379
15.30   0.1991  -0.0853   0.1137
15.40   0.1807  -0.0838   0.0969
15.50   0.1627  -0.0771   0.0860
15.60   0.1438  -0.0667   0.0772
15.70   0.1293  -0.0627   0.0665
15.80   0.1149  -0.0528   0.0623
15.90   0.1012  -0.0383   0.0630
16.00   0.0908  -0.0318   0.0588
16.10   0.0802  -0.0265   0.0535
16.20   0.0719  -0.0301   0.0419
16.30   0.0657  -0.0367   0.0292
16.40   0.0550  -0.0359   0.0191
16.50   0.0447  -0.0350   0.0097
16.60   0.0378  -0.0373   0.0007
16.70   0.0293  -0.0414  -0.0119
16.80   0.0240  -0.0431  -0.0192
16.90   0.0200  -0.0447  -0.0248
17.00   0.0160  -0.0473  -0.0314
17.10   0.0135  -0.0509  -0.0375
17.20   0.0119  -0.0562  -0.0439
17.30   0.0099  -0.0569  -0.0467
17.40   0.0091  -0.0577  -0.0489
17.50   0.0082  -0.0600  -0.0519
17.60   0.0072  -0.0617  -0.0542
17.70   0.0069  -0.0642  -0.0572
17.80   0.0073  -0.0668  -0.0596
17.90   0.0072  -0.0690  -0.0617
18.00   0.0075  -0.0716  -0.0643
18.10   0.0080  -0.0744  -0.0666
18.20   0.0084  -0.0772  -0.0688
18.30   0.0091  -0.0804  -0.0713
18.40   0.0096  -0.0834  -0.0736
18.50   0.0105  -0.0865  -0.0762
18.60   0.0110  -0.0896  -0.0783
18.70   0.0117  -0.0916  -0.0799
18.80   0.0124  -0.0934  -0.0812
18.90   0.0124  -0.0952  -0.0825
19.00   0.0134  -0.0970  -0.0837
19.10   0.0138  -0.0991  -0.0850
19.20   0.0146  -0.1011  -0.0865
19.30   0.0154  -0.1030  -0.0877
19.40   0.0161  -0.1052  -0.0892
19.50   0.0169  -0.1075  -0.0906
19.60   0.0177  -0.1098  -0.0920
19.70   0.0188  -0.1123  -0.0937
19.80   0.0198  -0.1149  -0.0951
19.90   0.0207  -0.1176  -0.0968
20.00   0.0219  -0.1203  -0.0984
20.10   0.0229  -0.1230  -0.1000
20.20   0.0241  -0.1258  -0.1016
20.30   0.0253  -0.1286  -0.1032
20.40   0.0266  -0.1315  -0.1048
20.50   0.0279  -0.1342  -0.1064
20.60   0.0293  -0.1370  -0.1077
20.70   0.0306  -0.1389  -0.1085
20.80   0.0314  -0.1401  -0.1085
20.90   0.0325  -0.1410  -0.1085
21.00   0.0335  -0.1420  -0.1084
21.10   0.0347  -0.1430  -0.1083
21.20   0.0357  -0.1440  -0.1083
21.30   0.0368  -0.1450  -0.1082
21.40   0.0379  -0.1460  -0.1081
21.50   0.0390  -0.1472  -0.1079
21.60   0.0404  -0.1482  -0.1078
21.70   0.0416  -0.1494  -0.1077
21.80   0.0429  -0.1506  -0.1076
21.90   0.0442  -0.1518  -0.1073
22.00   0.0456  -0.1531  -0.1073
22.10   0.0471  -0.1541  -0.1069
22.20   0.0489  -0.1550  -0.1063
22.30   0.0504  -0.1561  -0.1058
22.40   0.0520  -0.1572  -0.1052
22.50   0.0535  -0.1582  -0.1046
22.60   0.0553  -0.1594  -0.1041
22.70   0.0570  -0.1605  -0.1034
22.80   0.0589  -0.1615  -0.1028
22.90   0.0607  -0.1625  -0.1019
23.00   0.0625  -0.1636  -0.1013
23.10   0.0644  -0.1649  -0.1006
23.20   0.0664  -0.1661  -0.0998
23.30   0.0684  -0.1673  -0.0988
23.40   0.0704  -0.1684  -0.0980
23.50   0.0724  -0.1696  -0.0972
23.60   0.0745  -0.1707  -0.0961
23.70   0.0766  -0.1719  -0.0951
23.80   0.0787  -0.1728  -0.0941
23.90   0.0808  -0.1738  -0.0928
24.00   0.0830  -0.1748  -0.0916
24.10   0.0852  -0.1756  -0.0904
24.20   0.0874  -0.1764  -0.0891
24.30   0.0897  -0.1773  -0.0877
24.40   0.0919  -0.1783  -0.0863
24.50   0.0941  -0.1790  -0.0847
24.60   0.0963  -0.1796  -0.0834
24.70   0.0984  -0.1803  -0.0818
24.80   0.1005  -0.1808  -0.0802
24.90   0.1028  -0.1813  -0.0784
25.00   0.1050  -0.1815  -0.0764
25.10   0.1071  -0.1816  -0.0744
25.20   0.1093  -0.1815  -0.0723
25.30   0.1115  -0.1818  -0.0701
25.40   0.1136  -0.1817  -0.0680
25.50   0.1157  -0.1815  -0.0658
25.60   0.1179  -0.1814  -0.0636
25.70   0.1201  -0.1815  -0.0613
25.80   0.1220  -0.1813  -0.0592
25.90   0.1240  -0.1811  -0.0570
26.00   0.1261  -0.1807  -0.0547
26.10   0.1280  -0.1804  -0.0523
26.20   0.1300  -0.1801  -0.0501
26.30   0.1320  -0.1797  -0.0480
26.40   0.1339  -0.1795  -0.0457
26.50   0.1362  -0.1797  -0.0435
26.60   0.1387  -0.1798  -0.0412
26.70   0.1409  -0.1799  -0.0391
26.80   0.1433  -0.1801  -0.0368
26.90   0.1458  -0.1802  -0.0344
27.00   0.1481  -0.1802  -0.0323
27.10   0.1502  -0.1802  -0.0300
27.20   0.1526  -0.1803  -0.0277
27.30   0.1549  -0.1802  -0.0254
27.40   0.1570  -0.1802  -0.0230
27.50   0.1592  -0.1800  -0.0208
27.60   0.1612  -0.1798  -0.0185
27.70   0.1632  -0.1796  -0.0162
27.80   0.1654  -0.1793  -0.0140
27.90   0.1673  -0.1788  -0.0116
28.00   0.1692  -0.1782  -0.0091
28.10   0.1708  -0.1778  -0.0068
28.20   0.1726  -0.1770  -0.0044
28.30   0.1743  -0.1764  -0.0020
28.40   0.1759  -0.1756   0.0003
28.50   0.1773  -0.1749   0.0027
28.60   0.1790  -0.1740   0.0050
28.70   0.1802  -0.1730   0.0071
28.80   0.1815  -0.1722   0.0093
28.90   0.1827  -0.1713   0.0115
29.00   0.1842  -0.1703   0.0137
29.10   0.1850  -0.1694   0.0157
29.20   0.1862  -0.1685   0.0179
29.30   0.1873  -0.1675   0.0197
29.40   0.1881  -0.1664   0.0217
29.50   0.1891  -0.1654   0.0237
29.60   0.1897  -0.1644   0.0255
29.70   0.1906  -0.1634   0.0272
29.80   0.1912  -0.1621   0.0290
29.90   0.1920  -0.1611   0.0307
30.00   0.1922  -0.1600   0.0323
