     height (km) solar hr (K/day)    IR hr (K/day)   Net hr (K/day)
 0.00  -0.1032  -0.1608  -0.2641
 0.10  -0.1060  -0.0883  -0.1943
 0.20  -0.1087  -0.0158  -0.1245
 0.30  -0.1114   0.0536  -0.0578
 0.40  -0.1139   0.1144   0.0006
 0.50  -0.1152   0.1629   0.0477
 0.60  -0.1154   0.2022   0.0869
 0.70  -0.1144   0.2360   0.1215
 0.80  -0.1123   0.2627   0.1504
 0.90  -0.1084   0.2874   0.1790
 1.00  -0.1022   0.3115   0.2092
 1.10  -0.0924   0.3102   0.2178
 1.20  -0.0786   0.2700   0.1914
 1.30  -0.0639   0.1859   0.1219
 1.40  -0.0548   0.1069   0.0521
 1.50  -0.0512   0.0561   0.0049
 1.60  -0.0516   0.0361  -0.0154
 1.70  -0.0535   0.0287  -0.0248
 1.80  -0.0558   0.0249  -0.0308
 1.90  -0.0596   0.0400  -0.0196
 2.00  -0.0626   0.0506  -0.0120
 2.10  -0.0657   0.0633  -0.0022
 2.20  -0.0683   0.0748   0.0065
 2.30  -0.0705   0.0796   0.0091
 2.40  -0.0731   0.0912   0.0181
 2.50  -0.0759   0.1118   0.0359
 2.60  -0.0783   0.1300   0.0516
 2.70  -0.0804   0.1447   0.0644
 2.80  -0.0826   0.1652   0.0827
 2.90  -0.0842   0.1822   0.0980
 3.00  -0.0853   0.1984   0.1132
 3.10  -0.0857   0.2077   0.1220
 3.20  -0.0861   0.2187   0.1326
 3.30  -0.0861   0.2271   0.1410
 3.40  -0.0858   0.2341   0.1483
 3.50  -0.0852   0.2406   0.1554
 3.60  -0.0844   0.2441   0.1597
 3.70  -0.0836   0.2479   0.1643
 3.80  -0.0826   0.2482   0.1657
 3.90  -0.0813   0.2428   0.1615
 4.00  -0.0800   0.2350   0.1550
 4.10  -0.0794   0.2297   0.1503
 4.20  -0.0795   0.2269   0.1474
 4.30  -0.0801   0.2291   0.1491
 4.40  -0.0808   0.2307   0.1499
 4.50  -0.0815   0.2327   0.1512
 4.60  -0.0820   0.2336   0.1517
 4.70  -0.0820   0.2394   0.1575
 4.80  -0.0816   0.2606   0.1790
 4.90  -0.0807   0.2837   0.2029
 5.00  -0.0793   0.3226   0.2434
 5.10  -0.0771   0.3740   0.2969
 5.20  -0.0728   0.3970   0.3242
 5.30  -0.0682   0.3859   0.3176
 5.40  -0.0629   0.3772   0.3143
 5.50  -0.0579   0.3575   0.2996
 5.60  -0.0533   0.3432   0.2900
 5.70  -0.0487   0.3321   0.2835
 5.80  -0.0450   0.3238   0.2788
 5.90  -0.0407   0.3195   0.2788
 6.00  -0.0370   0.3154   0.2784
 6.10  -0.0330   0.3091   0.2762
 6.20  -0.0281   0.3007   0.2727
 6.30  -0.0238   0.2931   0.2693
 6.40  -0.0202   0.2849   0.2647
 6.50  -0.0161   0.2788   0.2627
 6.60  -0.0122   0.2690   0.2568
 6.70  -0.0083   0.2597   0.2514
 6.80  -0.0061   0.2548   0.2488
 6.90  -0.0036   0.2498   0.2462
 7.00  -0.0016   0.2426   0.2410
 7.10   0.0006   0.2318   0.2324
 7.20   0.0022   0.2250   0.2273
 7.30   0.0027   0.2286   0.2313
 7.40   0.0031   0.2343   0.2374
 7.50   0.0025   0.2461   0.2486
 7.60   0.0022   0.2577   0.2599
 7.70   0.0019   0.2669   0.2688
 7.80   0.0017   0.2783   0.2800
 7.90   0.0024   0.2862   0.2886
 8.00   0.0041   0.2947   0.2988
 8.10   0.0057   0.3084   0.3140
 8.20   0.0085   0.3171   0.3256
 8.30   0.0128   0.3198   0.3327
 8.40   0.0182   0.3176   0.3358
 8.50   0.0229   0.3214   0.3443
 8.60   0.0269   0.3287   0.3556
 8.70   0.0315   0.3342   0.3657
 8.80   0.0365   0.3382   0.3747
 8.90   0.0409   0.3442   0.3850
 9.00   0.0453   0.3513   0.3965
 9.10   0.0502   0.3564   0.4066
 9.20   0.0549   0.3619   0.4168
 9.30   0.0609   0.3645   0.4253
 9.40   0.0671   0.3683   0.4353
 9.50   0.0731   0.3789   0.4520
 9.60   0.0803   0.3857   0.4660
 9.70   0.0873   0.3934   0.4808
 9.80   0.0962   0.3910   0.4871
 9.90   0.1053   0.3919   0.4972
10.00   0.1150   0.3905   0.5055
10.10   0.1253   0.3873   0.5125
10.20   0.1357   0.3862   0.5218
10.30   0.1470   0.3799   0.5269
10.40   0.1579   0.3737   0.5316
10.50   0.1687   0.3646   0.5333
10.60   0.1796   0.3555   0.5350
10.70   0.1910   0.3466   0.5376
10.80   0.2030   0.3364   0.5394
10.90   0.2144   0.3308   0.5452
11.00   0.2270   0.3192   0.5462
11.10   0.2405   0.3074   0.5480
11.20   0.2550   0.2911   0.5460
11.30   0.2692   0.2753   0.5445
11.40   0.2843   0.2582   0.5425
11.50   0.2996   0.2383   0.5379
11.60   0.3148   0.2199   0.5346
11.70   0.3298   0.1980   0.5277
11.80   0.3450   0.1766   0.5216
11.90   0.3599   0.1478   0.5077
12.00   0.3743   0.1260   0.5003
12.10   0.3883   0.0976   0.4859
12.20   0.4000   0.0740   0.4740
12.30   0.4083   0.0450   0.4533
12.40   0.4120   0.0225   0.4345
12.50   0.4136  -0.0029   0.4108
12.60   0.4135  -0.0217   0.3917
12.70   0.4119  -0.0459   0.3660
12.80   0.4079  -0.0638   0.3440
12.90   0.4025  -0.0837   0.3189
13.00   0.3954  -0.0984   0.2970
13.10   0.3872  -0.1170   0.2703
13.20   0.3763  -0.1245   0.2518
13.30   0.3644  -0.1364   0.2280
13.40   0.3507  -0.1410   0.2096
13.50   0.3365  -0.1469   0.1895
13.60   0.3205  -0.1446   0.1759
13.70   0.3044  -0.1435   0.1610
13.80   0.2878  -0.1379   0.1499
13.90   0.2705  -0.1293   0.1412
14.00   0.2541  -0.1229   0.1312
14.10   0.2365  -0.1091   0.1274
14.20   0.2211  -0.0995   0.1215
14.30   0.2053  -0.0825   0.1228
14.40   0.1905  -0.0680   0.1225
14.50   0.1758  -0.0530   0.1229
14.60   0.1613  -0.0445   0.1168
14.70   0.1481  -0.0396   0.1085
14.80   0.1349  -0.0333   0.1015
14.90   0.1234  -0.0316   0.0918
15.00   0.1120  -0.0283   0.0837
15.10   0.1008  -0.0238   0.0770
15.20   0.0921  -0.0248   0.0674
15.30   0.0828  -0.0236   0.0592
15.40   0.0742  -0.0224   0.0517
15.50   0.0665  -0.0209   0.0456
15.60   0.0587  -0.0190   0.0398
15.70   0.0525  -0.0182   0.0343
15.80   0.0470  -0.0167   0.0302
15.90   0.0412  -0.0150   0.0262
16.00   0.0364  -0.0131   0.0233
16.10   0.0321  -0.0129   0.0193
16.20   0.0282  -0.0140   0.0141
16.30   0.0252  -0.0168   0.0084
16.40   0.0218  -0.0192   0.0026
16.50   0.0181  -0.0207  -0.0025
16.60   0.0157  -0.0226  -0.0069
16.70   0.0130  -0.0251  -0.0119
16.80   0.0112  -0.0266  -0.0153
16.90   0.0101  -0.0281  -0.0180
17.00   0.0088  -0.0296  -0.0207
17.10   0.0077  -0.0311  -0.0234
17.20   0.0070  -0.0327  -0.0257
17.30   0.0063  -0.0336  -0.0273
17.40   0.0058  -0.0346  -0.0288
17.50   0.0056  -0.0360  -0.0305
17.60   0.0055  -0.0373  -0.0318
17.70   0.0053  -0.0382  -0.0328
17.80   0.0055  -0.0395  -0.0339
17.90   0.0058  -0.0407  -0.0350
18.00   0.0061  -0.0421  -0.0360
18.10   0.0065  -0.0434  -0.0370
18.20   0.0069  -0.0449  -0.0380
18.30   0.0073  -0.0465  -0.0392
18.40   0.0079  -0.0481  -0.0402
18.50   0.0083  -0.0497  -0.0414
18.60   0.0089  -0.0513  -0.0424
18.70   0.0093  -0.0524  -0.0431
18.80   0.0097  -0.0533  -0.0436
18.90   0.0100  -0.0540  -0.0439
19.00   0.0105  -0.0548  -0.0443
19.10   0.0109  -0.0556  -0.0448
19.20   0.0113  -0.0566  -0.0452
19.30   0.0119  -0.0575  -0.0456
19.40   0.0123  -0.0585  -0.0461
19.50   0.0130  -0.0596  -0.0466
19.60   0.0135  -0.0607  -0.0472
19.70   0.0143  -0.0620  -0.0478
19.80   0.0149  -0.0634  -0.0484
19.90   0.0157  -0.0648  -0.0491
20.00   0.0165  -0.0663  -0.0498
20.10   0.0173  -0.0678  -0.0505
20.20   0.0182  -0.0694  -0.0511
20.30   0.0191  -0.0710  -0.0518
20.40   0.0201  -0.0726  -0.0525
20.50   0.0212  -0.0743  -0.0531
20.60   0.0222  -0.0759  -0.0537
20.70   0.0231  -0.0771  -0.0540
20.80   0.0239  -0.0778  -0.0539
20.90   0.0247  -0.0785  -0.0538
21.00   0.0254  -0.0792  -0.0537
21.10   0.0263  -0.0798  -0.0535
21.20   0.0271  -0.0805  -0.0534
21.30   0.0280  -0.0812  -0.0533
21.40   0.0288  -0.0819  -0.0531
21.50   0.0298  -0.0827  -0.0529
21.60   0.0308  -0.0834  -0.0527
21.70   0.0318  -0.0842  -0.0525
21.80   0.0329  -0.0850  -0.0522
21.90   0.0339  -0.0858  -0.0519
22.00   0.0351  -0.0866  -0.0516
22.10   0.0362  -0.0874  -0.0511
22.20   0.0375  -0.0880  -0.0506
22.30   0.0388  -0.0887  -0.0500
22.40   0.0400  -0.0894  -0.0493
22.50   0.0413  -0.0901  -0.0487
22.60   0.0428  -0.0908  -0.0481
22.70   0.0441  -0.0915  -0.0474
22.80   0.0456  -0.0922  -0.0466
22.90   0.0471  -0.0929  -0.0458
23.00   0.0486  -0.0937  -0.0450
23.10   0.0502  -0.0943  -0.0442
23.20   0.0518  -0.0951  -0.0433
23.30   0.0534  -0.0958  -0.0424
23.40   0.0551  -0.0964  -0.0414
23.50   0.0568  -0.0972  -0.0404
23.60   0.0585  -0.0979  -0.0394
23.70   0.0602  -0.0985  -0.0383
23.80   0.0620  -0.0991  -0.0372
23.90   0.0637  -0.0998  -0.0360
24.00   0.0656  -0.1004  -0.0348
24.10   0.0674  -0.1009  -0.0336
24.20   0.0693  -0.1015  -0.0323
24.30   0.0711  -0.1020  -0.0310
24.40   0.0729  -0.1025  -0.0296
24.50   0.0748  -0.1030  -0.0282
24.60   0.0767  -0.1034  -0.0268
24.70   0.0784  -0.1038  -0.0253
24.80   0.0803  -0.1042  -0.0238
24.90   0.0822  -0.1044  -0.0223
25.00   0.0840  -0.1046  -0.0206
25.10   0.0858  -0.1046  -0.0188
25.20   0.0876  -0.1046  -0.0171
25.30   0.0893  -0.1046  -0.0153
25.40   0.0911  -0.1046  -0.0135
25.50   0.0928  -0.1046  -0.0117
25.60   0.0945  -0.1044  -0.0099
25.70   0.0962  -0.1043  -0.0081
25.80   0.0979  -0.1042  -0.0063
25.90   0.0995  -0.1040  -0.0045
26.00   0.1011  -0.1038  -0.0027
26.10   0.1026  -0.1035  -0.0009
26.20   0.1042  -0.1033   0.0009
26.30   0.1057  -0.1031   0.0026
26.40   0.1073  -0.1029   0.0044
26.50   0.1090  -0.1028   0.0063
26.60   0.1108  -0.1027   0.0081
26.70   0.1126  -0.1027   0.0099
26.80   0.1144  -0.1026   0.0117
26.90   0.1162  -0.1026   0.0136
27.00   0.1180  -0.1025   0.0154
27.10   0.1196  -0.1024   0.0172
27.20   0.1214  -0.1023   0.0191
27.30   0.1231  -0.1021   0.0208
27.40   0.1246  -0.1020   0.0227
27.50   0.1263  -0.1018   0.0244
27.60   0.1278  -0.1016   0.0262
27.70   0.1293  -0.1013   0.0279
27.80   0.1308  -0.1011   0.0297
27.90   0.1322  -0.1008   0.0314
28.00   0.1336  -0.1004   0.0332
28.10   0.1349  -0.1000   0.0349
28.20   0.1362  -0.0995   0.0366
28.30   0.1374  -0.0991   0.0383
28.40   0.1386  -0.0986   0.0400
28.50   0.1397  -0.0981   0.0416
28.60   0.1408  -0.0976   0.0432
28.70   0.1418  -0.0970   0.0447
28.80   0.1428  -0.0965   0.0462
28.90   0.1437  -0.0960   0.0477
29.00   0.1446  -0.0954   0.0491
29.10   0.1454  -0.0948   0.0505
29.20   0.1461  -0.0943   0.0519
29.30   0.1469  -0.0936   0.0532
29.40   0.1475  -0.0930   0.0545
29.50   0.1482  -0.0924   0.0558
29.60   0.1488  -0.0918   0.0569
29.70   0.1493  -0.0912   0.0581
29.80   0.1497  -0.0906   0.0591
29.90   0.1503  -0.0900   0.0602
30.00   0.1506  -0.0894   0.0613
