     height (km) solar hr (K/day)    IR hr (K/day)   Net hr (K/day)
 0.00  -0.1297  -0.1533  -0.2828
 0.10  -0.1335  -0.0700  -0.2034
 0.20  -0.1373   0.0133  -0.1239
 0.30  -0.1409   0.0899  -0.0510
 0.40  -0.1439   0.1532   0.0094
 0.50  -0.1457   0.2036   0.0579
 0.60  -0.1462   0.2433   0.0970
 0.70  -0.1462   0.2789   0.1327
 0.80  -0.1456   0.3125   0.1669
 0.90  -0.1441   0.3464   0.2024
 1.00  -0.1414   0.3771   0.2358
 1.10  -0.1376   0.3984   0.2607
 1.20  -0.1332   0.4122   0.2790
 1.30  -0.1290   0.4128   0.2837
 1.40  -0.1269   0.3997   0.2727
 1.50  -0.1255   0.3805   0.2549
 1.60  -0.1240   0.3542   0.2301
 1.70  -0.1230   0.3300   0.2070
 1.80  -0.1227   0.3099   0.1873
 1.90  -0.1225   0.2893   0.1669
 2.00  -0.1222   0.2642   0.1420
 2.10  -0.1230   0.2498   0.1268
 2.20  -0.1244   0.2435   0.1190
 2.30  -0.1257   0.2394   0.1137
 2.40  -0.1273   0.2384   0.1111
 2.50  -0.1292   0.2418   0.1127
 2.60  -0.1312   0.2503   0.1190
 2.70  -0.1334   0.2636   0.1302
 2.80  -0.1353   0.2752   0.1399
 2.90  -0.1367   0.2794   0.1427
 3.00  -0.1392   0.3002   0.1610
 3.10  -0.1406   0.3148   0.1742
 3.20  -0.1416   0.3264   0.1849
 3.30  -0.1420   0.3380   0.1959
 3.40  -0.1423   0.3516   0.2093
 3.50  -0.1421   0.3624   0.2205
 3.60  -0.1414   0.3709   0.2295
 3.70  -0.1407   0.3794   0.2388
 3.80  -0.1395   0.3852   0.2456
 3.90  -0.1377   0.3822   0.2446
 4.00  -0.1359   0.3838   0.2479
 4.10  -0.1343   0.3816   0.2474
 4.20  -0.1335   0.3835   0.2499
 4.30  -0.1334   0.3849   0.2515
 4.40  -0.1344   0.3925   0.2580
 4.50  -0.1361   0.4001   0.2641
 4.60  -0.1376   0.4017   0.2642
 4.70  -0.1389   0.4039   0.2650
 4.80  -0.1401   0.4116   0.2714
 4.90  -0.1408   0.4315   0.2906
 5.00  -0.1403   0.4834   0.3430
 5.10  -0.1387   0.5652   0.4264
 5.20  -0.1360   0.6230   0.4870
 5.30  -0.1325   0.6353   0.5028
 5.40  -0.1279   0.6479   0.5200
 5.50  -0.1245   0.6328   0.5082
 5.60  -0.1203   0.6164   0.4961
 5.70  -0.1162   0.5976   0.4814
 5.80  -0.1111   0.5759   0.4647
 5.90  -0.1070   0.5643   0.4573
 6.00  -0.1022   0.5569   0.4546
 6.10  -0.0976   0.5437   0.4461
 6.20  -0.0907   0.5171   0.4264
 6.30  -0.0861   0.5110   0.4248
 6.40  -0.0812   0.5034   0.4222
 6.50  -0.0754   0.4939   0.4185
 6.60  -0.0689   0.4857   0.4168
 6.70  -0.0624   0.4797   0.4173
 6.80  -0.0561   0.4709   0.4149
 6.90  -0.0501   0.4584   0.4084
 7.00  -0.0459   0.4525   0.4066
 7.10  -0.0416   0.4406   0.3989
 7.20  -0.0391   0.4350   0.3959
 7.30  -0.0391   0.4418   0.4028
 7.40  -0.0388   0.4434   0.4045
 7.50  -0.0399   0.4560   0.4161
 7.60  -0.0415   0.4709   0.4295
 7.70  -0.0429   0.4878   0.4449
 7.80  -0.0432   0.5036   0.4604
 7.90  -0.0423   0.5163   0.4740
 8.00  -0.0407   0.5276   0.4869
 8.10  -0.0395   0.5429   0.5034
 8.20  -0.0370   0.5611   0.5242
 8.30  -0.0312   0.5658   0.5347
 8.40  -0.0237   0.5684   0.5447
 8.50  -0.0161   0.5766   0.5606
 8.60  -0.0077   0.5820   0.5743
 8.70   0.0005   0.5877   0.5882
 8.80   0.0088   0.5939   0.6028
 8.90   0.0173   0.5986   0.6160
 9.00   0.0247   0.6068   0.6315
 9.10   0.0323   0.6122   0.6446
 9.20   0.0401   0.6177   0.6578
 9.30   0.0474   0.6273   0.6746
 9.40   0.0549   0.6357   0.6906
 9.50   0.0627   0.6541   0.7168
 9.60   0.0723   0.6661   0.7384
 9.70   0.0837   0.6753   0.7590
 9.80   0.0950   0.6764   0.7715
 9.90   0.1079   0.6698   0.7776
10.00   0.1207   0.6696   0.7902
10.10   0.1352   0.6674   0.8026
10.20   0.1497   0.6703   0.8200
10.30   0.1656   0.6637   0.8293
10.40   0.1815   0.6606   0.8421
10.50   0.1973   0.6555   0.8527
10.60   0.2128   0.6495   0.8623
10.70   0.2273   0.6485   0.8758
10.80   0.2426   0.6440   0.8866
10.90   0.2588   0.6401   0.8989
11.00   0.2766   0.6328   0.9094
11.10   0.2960   0.6162   0.9121
11.20   0.3164   0.5977   0.9141
11.30   0.3369   0.5784   0.9152
11.40   0.3573   0.5697   0.9269
11.50   0.3804   0.5486   0.9290
11.60   0.4040   0.5352   0.9393
11.70   0.4285   0.5123   0.9408
11.80   0.4536   0.4879   0.9415
11.90   0.4783   0.4603   0.9386
12.00   0.5021   0.4377   0.9398
12.10   0.5272   0.4102   0.9373
12.20   0.5525   0.3818   0.9344
12.30   0.5748   0.3564   0.9311
12.40   0.5927   0.3287   0.9213
12.50   0.6061   0.3023   0.9085
12.60   0.6172   0.2681   0.8854
12.70   0.6250   0.2388   0.8637
12.80   0.6314   0.2047   0.8362
12.90   0.6348   0.1751   0.8099
13.00   0.6363   0.1400   0.7763
13.10   0.6356   0.1057   0.7413
13.20   0.6320   0.0746   0.7066
13.30   0.6255   0.0476   0.6731
13.40   0.6162   0.0237   0.6399
13.50   0.6063  -0.0061   0.6002
13.60   0.5931  -0.0223   0.5709
13.70   0.5790  -0.0452   0.5340
13.80   0.5621  -0.0583   0.5038
13.90   0.5430  -0.0740   0.4690
14.00   0.5221  -0.0784   0.4437
14.10   0.5006  -0.0827   0.4180
14.20   0.4791  -0.0839   0.3953
14.30   0.4567  -0.0801   0.3766
14.40   0.4354  -0.0757   0.3597
14.50   0.4114  -0.0594   0.3521
14.60   0.3898  -0.0537   0.3362
14.70   0.3678  -0.0438   0.3239
14.80   0.3460  -0.0365   0.3094
14.90   0.3251  -0.0300   0.2951
15.00   0.3027  -0.0174   0.2853
15.10   0.2821  -0.0070   0.2753
15.20   0.2627   0.0038   0.2666
15.30   0.2441   0.0100   0.2539
15.40   0.2261   0.0144   0.2405
15.50   0.2075   0.0258   0.2336
15.60   0.1899   0.0366   0.2264
15.70   0.1742   0.0463   0.2206
15.80   0.1581   0.0595   0.2177
15.90   0.1437   0.0743   0.2180
16.00   0.1326   0.0777   0.2103
16.10   0.1209   0.0788   0.1997
16.20   0.1107   0.0754   0.1861
16.30   0.1006   0.0705   0.1710
16.40   0.0888   0.0646   0.1533
16.50   0.0785   0.0586   0.1370
16.60   0.0694   0.0500   0.1195
16.70   0.0604   0.0349   0.0954
16.80   0.0527   0.0219   0.0745
16.90   0.0451   0.0095   0.0546
17.00   0.0390  -0.0073   0.0317
17.10   0.0333  -0.0200   0.0132
17.20   0.0276  -0.0280  -0.0003
17.30   0.0235  -0.0369  -0.0134
17.40   0.0206  -0.0432  -0.0228
17.50   0.0179  -0.0484  -0.0307
17.60   0.0155  -0.0535  -0.0380
17.70   0.0138  -0.0591  -0.0452
17.80   0.0126  -0.0657  -0.0530
17.90   0.0110  -0.0695  -0.0585
18.00   0.0101  -0.0732  -0.0630
18.10   0.0096  -0.0763  -0.0668
18.20   0.0097  -0.0804  -0.0707
18.30   0.0100  -0.0840  -0.0740
18.40   0.0105  -0.0877  -0.0772
18.50   0.0110  -0.0912  -0.0802
18.60   0.0117  -0.0942  -0.0825
18.70   0.0122  -0.0964  -0.0841
18.80   0.0127  -0.0981  -0.0854
18.90   0.0131  -0.0998  -0.0865
19.00   0.0138  -0.1015  -0.0877
19.10   0.0144  -0.1033  -0.0889
19.20   0.0151  -0.1051  -0.0902
19.30   0.0157  -0.1069  -0.0912
19.40   0.0164  -0.1088  -0.0924
19.50   0.0172  -0.1107  -0.0935
19.60   0.0180  -0.1128  -0.0948
19.70   0.0188  -0.1150  -0.0961
19.80   0.0198  -0.1172  -0.0974
19.90   0.0207  -0.1194  -0.0987
20.00   0.0217  -0.1217  -0.1000
20.10   0.0227  -0.1241  -0.1013
20.20   0.0238  -0.1265  -0.1026
20.30   0.0249  -0.1289  -0.1039
20.40   0.0261  -0.1314  -0.1052
20.50   0.0273  -0.1337  -0.1064
20.60   0.0285  -0.1357  -0.1072
20.70   0.0294  -0.1366  -0.1073
20.80   0.0301  -0.1371  -0.1068
20.90   0.0309  -0.1373  -0.1063
21.00   0.0317  -0.1375  -0.1057
21.10   0.0326  -0.1378  -0.1052
21.20   0.0333  -0.1381  -0.1048
21.30   0.0342  -0.1385  -0.1044
21.40   0.0351  -0.1390  -0.1039
21.50   0.0360  -0.1397  -0.1036
21.60   0.0371  -0.1403  -0.1033
21.70   0.0381  -0.1412  -0.1030
21.80   0.0392  -0.1421  -0.1028
21.90   0.0403  -0.1430  -0.1026
22.00   0.0416  -0.1440  -0.1025
22.10   0.0429  -0.1450  -0.1021
22.20   0.0443  -0.1459  -0.1016
22.30   0.0457  -0.1469  -0.1012
22.40   0.0471  -0.1480  -0.1009
22.50   0.0486  -0.1492  -0.1005
22.60   0.0502  -0.1504  -0.1002
22.70   0.0519  -0.1517  -0.0998
22.80   0.0536  -0.1529  -0.0994
22.90   0.0554  -0.1544  -0.0990
23.00   0.0571  -0.1557  -0.0986
23.10   0.0590  -0.1572  -0.0982
23.20   0.0609  -0.1587  -0.0978
23.30   0.0629  -0.1602  -0.0973
23.40   0.0649  -0.1617  -0.0968
23.50   0.0670  -0.1632  -0.0963
23.60   0.0691  -0.1648  -0.0957
23.70   0.0712  -0.1662  -0.0951
23.80   0.0733  -0.1677  -0.0944
23.90   0.0755  -0.1693  -0.0937
24.00   0.0778  -0.1708  -0.0930
24.10   0.0801  -0.1721  -0.0921
24.20   0.0823  -0.1734  -0.0911
24.30   0.0846  -0.1748  -0.0901
24.40   0.0869  -0.1761  -0.0891
24.50   0.0892  -0.1773  -0.0880
24.60   0.0916  -0.1784  -0.0868
24.70   0.0938  -0.1794  -0.0856
24.80   0.0961  -0.1804  -0.0842
24.90   0.0984  -0.1811  -0.0826
25.00   0.1007  -0.1817  -0.0810
25.10   0.1030  -0.1821  -0.0791
25.20   0.1052  -0.1825  -0.0772
25.30   0.1075  -0.1828  -0.0753
25.40   0.1097  -0.1831  -0.0733
25.50   0.1118  -0.1832  -0.0714
25.60   0.1141  -0.1834  -0.0693
25.70   0.1162  -0.1834  -0.0672
25.80   0.1182  -0.1835  -0.0652
25.90   0.1203  -0.1834  -0.0630
26.00   0.1224  -0.1833  -0.0609
26.10   0.1244  -0.1831  -0.0587
26.20   0.1264  -0.1829  -0.0565
26.30   0.1284  -0.1828  -0.0544
26.40   0.1305  -0.1827  -0.0522
26.50   0.1327  -0.1828  -0.0501
26.60   0.1350  -0.1829  -0.0479
26.70   0.1373  -0.1830  -0.0458
26.80   0.1395  -0.1831  -0.0436
26.90   0.1418  -0.1831  -0.0414
27.00   0.1441  -0.1831  -0.0392
27.10   0.1462  -0.1832  -0.0370
27.20   0.1484  -0.1831  -0.0347
27.30   0.1505  -0.1830  -0.0325
27.40   0.1526  -0.1828  -0.0302
27.50   0.1546  -0.1826  -0.0280
27.60   0.1566  -0.1823  -0.0257
27.70   0.1584  -0.1820  -0.0234
27.80   0.1604  -0.1817  -0.0212
27.90   0.1623  -0.1810  -0.0189
28.00   0.1640  -0.1805  -0.0165
28.10   0.1657  -0.1798  -0.0141
28.20   0.1673  -0.1790  -0.0118
28.30   0.1689  -0.1784  -0.0095
28.40   0.1704  -0.1776  -0.0072
28.50   0.1719  -0.1768  -0.0048
28.60   0.1734  -0.1759  -0.0026
28.70   0.1745  -0.1750  -0.0005
28.80   0.1758  -0.1741   0.0017
28.90   0.1770  -0.1732   0.0038
29.00   0.1783  -0.1723   0.0060
29.10   0.1794  -0.1713   0.0080
29.20   0.1803  -0.1703   0.0101
29.30   0.1813  -0.1693   0.0121
29.40   0.1822  -0.1682   0.0140
29.50   0.1831  -0.1672   0.0160
29.60   0.1839  -0.1661   0.0178
29.70   0.1847  -0.1651   0.0196
29.80   0.1854  -0.1640   0.0214
29.90   0.1861  -0.1629   0.0230
30.00   0.1865  -0.1618   0.0248
