    height (km) solar hr (K/day)    IR hr (K/day)   Net hr (K/day)
 0.00  -0.0935  -0.1395  -0.2330
 0.10  -0.0959  -0.0754  -0.1713
 0.20  -0.0984  -0.0113  -0.1097
 0.30  -0.1007   0.0496  -0.0511
 0.40  -0.1029   0.1038   0.0010
 0.50  -0.1042   0.1479   0.0437
 0.60  -0.1047   0.1842   0.0795
 0.70  -0.1044   0.2157   0.1113
 0.80  -0.1032   0.2435   0.1402
 0.90  -0.1007   0.2704   0.1697
 1.00  -0.0964   0.2921   0.1957
 1.10  -0.0896   0.2966   0.2069
 1.20  -0.0799   0.2732   0.1932
 1.30  -0.0691   0.2183   0.1492
 1.40  -0.0609   0.1558   0.0949
 1.50  -0.0562   0.1059   0.0498
 1.60  -0.0542   0.0701   0.0160
 1.70  -0.0543   0.0488  -0.0055
 1.80  -0.0559   0.0429  -0.0131
 1.90  -0.0587   0.0508  -0.0079
 2.00  -0.0611   0.0586  -0.0025
 2.10  -0.0633   0.0662   0.0030
 2.20  -0.0654   0.0753   0.0099
 2.30  -0.0674   0.0853   0.0180
 2.40  -0.0694   0.0967   0.0273
 2.50  -0.0715   0.1111   0.0396
 2.60  -0.0733   0.1249   0.0516
 2.70  -0.0750   0.1387   0.0637
 2.80  -0.0764   0.1509   0.0746
 2.90  -0.0774   0.1588   0.0814
 3.00  -0.0786   0.1719   0.0933
 3.10  -0.0792   0.1808   0.1016
 3.20  -0.0797   0.1905   0.1109
 3.30  -0.0799   0.2003   0.1204
 3.40  -0.0799   0.2087   0.1288
 3.50  -0.0796   0.2151   0.1356
 3.60  -0.0791   0.2191   0.1401
 3.70  -0.0785   0.2234   0.1449
 3.80  -0.0777   0.2246   0.1469
 3.90  -0.0765   0.2218   0.1453
 4.00  -0.0753   0.2142   0.1389
 4.10  -0.0745   0.2097   0.1353
 4.20  -0.0743   0.2112   0.1368
 4.30  -0.0746   0.2152   0.1406
 4.40  -0.0749   0.2189   0.1440
 4.50  -0.0752   0.2220   0.1468
 4.60  -0.0755   0.2232   0.1476
 4.70  -0.0756   0.2272   0.1517
 4.80  -0.0755   0.2415   0.1660
 4.90  -0.0750   0.2620   0.1871
 5.00  -0.0736   0.2962   0.2226
 5.10  -0.0715   0.3394   0.2680
 5.20  -0.0683   0.3640   0.2957
 5.30  -0.0646   0.3603   0.2958
 5.40  -0.0601   0.3566   0.2965
 5.50  -0.0555   0.3395   0.2839
 5.60  -0.0512   0.3242   0.2730
 5.70  -0.0473   0.3143   0.2670
 5.80  -0.0429   0.3031   0.2602
 5.90  -0.0387   0.2952   0.2565
 6.00  -0.0347   0.2863   0.2516
 6.10  -0.0304   0.2760   0.2456
 6.20  -0.0260   0.2652   0.2392
 6.30  -0.0223   0.2585   0.2362
 6.40  -0.0186   0.2506   0.2320
 6.50  -0.0146   0.2448   0.2302
 6.60  -0.0104   0.2346   0.2241
 6.70  -0.0066   0.2248   0.2182
 6.80  -0.0038   0.2190   0.2152
 6.90  -0.0010   0.2115   0.2105
 7.00   0.0004   0.2076   0.2080
 7.10   0.0016   0.2038   0.2054
 7.20   0.0025   0.2032   0.2056
 7.30   0.0021   0.2109   0.2129
 7.40   0.0019   0.2167   0.2186
 7.50   0.0011   0.2283   0.2294
 7.60   0.0007   0.2394   0.2401
 7.70   0.0004   0.2498   0.2503
 7.80   0.0005   0.2586   0.2591
 7.90   0.0009   0.2672   0.2682
 8.00   0.0023   0.2736   0.2759
 8.10   0.0034   0.2842   0.2876
 8.20   0.0057   0.2937   0.2994
 8.30   0.0099   0.2951   0.3050
 8.40   0.0145   0.2931   0.3076
 8.50   0.0188   0.2958   0.3146
 8.60   0.0231   0.2998   0.3229
 8.70   0.0276   0.3031   0.3307
 8.80   0.0321   0.3061   0.3382
 8.90   0.0365   0.3096   0.3461
 9.00   0.0405   0.3160   0.3565
 9.10   0.0449   0.3214   0.3662
 9.20   0.0493   0.3270   0.3762
 9.30   0.0541   0.3320   0.3861
 9.40   0.0590   0.3388   0.3977
 9.50   0.0643   0.3467   0.4110
 9.60   0.0704   0.3527   0.4231
 9.70   0.0767   0.3589   0.4356
 9.80   0.0839   0.3589   0.4428
 9.90   0.0916   0.3586   0.4502
10.00   0.0997   0.3586   0.4583
10.10   0.1087   0.3553   0.4640
10.20   0.1177   0.3548   0.4725
10.30   0.1274   0.3491   0.4765
10.40   0.1369   0.3451   0.4821
10.50   0.1467   0.3393   0.4860
10.60   0.1566   0.3333   0.4899
10.70   0.1667   0.3272   0.4938
10.80   0.1771   0.3199   0.4970
10.90   0.1877   0.3139   0.5016
11.00   0.1989   0.3042   0.5031
11.10   0.2105   0.2934   0.5040
11.20   0.2228   0.2800   0.5028
11.30   0.2355   0.2652   0.5007
11.40   0.2483   0.2520   0.5003
11.50   0.2612   0.2358   0.4970
11.60   0.2743   0.2217   0.4960
11.70   0.2874   0.2038   0.4912
11.80   0.3003   0.1856   0.4859
11.90   0.3127   0.1637   0.4764
12.00   0.3247   0.1452   0.4699
12.10   0.3360   0.1245   0.4606
12.20   0.3462   0.1048   0.4511
12.30   0.3542   0.0839   0.4381
12.40   0.3587   0.0670   0.4257
12.50   0.3611   0.0483   0.4094
12.60   0.3614   0.0321   0.3935
12.70   0.3604   0.0148   0.3752
12.80   0.3576  -0.0005   0.3571
12.90   0.3537  -0.0148   0.3389
13.00   0.3483  -0.0271   0.3211
13.10   0.3417  -0.0402   0.3015
13.20   0.3334  -0.0477   0.2857
13.30   0.3242  -0.0566   0.2676
13.40   0.3138  -0.0617   0.2521
13.50   0.3028  -0.0668   0.2360
13.60   0.2907  -0.0668   0.2240
13.70   0.2783  -0.0679   0.2104
13.80   0.2654  -0.0647   0.2007
13.90   0.2521  -0.0617   0.1904
14.00   0.2389  -0.0579   0.1810
14.10   0.2253  -0.0513   0.1740
14.20   0.2127  -0.0468   0.1660
14.30   0.1997  -0.0378   0.1620
14.40   0.1871  -0.0284   0.1587
14.50   0.1745  -0.0169   0.1576
14.60   0.1628  -0.0079   0.1549
14.70   0.1516   0.0010   0.1526
14.80   0.1402   0.0106   0.1508
14.90   0.1301   0.0171   0.1472
15.00   0.1199   0.0251   0.1450
15.10   0.1106   0.0317   0.1423
15.20   0.1021   0.0358   0.1380
15.30   0.0938   0.0396   0.1333
15.40   0.0862   0.0409   0.1271
15.50   0.0790   0.0430   0.1220
15.60   0.0719   0.0456   0.1176
15.70   0.0658   0.0481   0.1139
15.80   0.0597   0.0503   0.1100
15.90   0.0540   0.0519   0.1059
16.00   0.0494   0.0516   0.1010
16.10   0.0449   0.0507   0.0956
16.20   0.0410   0.0482   0.0891
16.30   0.0374   0.0448   0.0822
16.40   0.0336   0.0403   0.0739
16.50   0.0303   0.0355   0.0658
16.60   0.0273   0.0304   0.0576
16.70   0.0241   0.0241   0.0483
16.80   0.0214   0.0181   0.0395
16.90   0.0188   0.0114   0.0301
17.00   0.0163   0.0042   0.0205
17.10   0.0141  -0.0022   0.0119
17.20   0.0120  -0.0072   0.0048
17.30   0.0104  -0.0131  -0.0027
17.40   0.0091  -0.0178  -0.0087
17.50   0.0080  -0.0226  -0.0145
17.60   0.0073  -0.0267  -0.0194
17.70   0.0067  -0.0299  -0.0232
17.80   0.0065  -0.0335  -0.0270
17.90   0.0062  -0.0363  -0.0301
18.00   0.0062  -0.0386  -0.0324
18.10   0.0063  -0.0407  -0.0344
18.20   0.0065  -0.0427  -0.0362
18.30   0.0068  -0.0445  -0.0377
18.40   0.0072  -0.0462  -0.0390
18.50   0.0076  -0.0480  -0.0404
18.60   0.0080  -0.0495  -0.0415
18.70   0.0084  -0.0505  -0.0422
18.80   0.0087  -0.0513  -0.0426
18.90   0.0090  -0.0519  -0.0429
19.00   0.0093  -0.0527  -0.0433
19.10   0.0097  -0.0535  -0.0437
19.20   0.0101  -0.0543  -0.0442
19.30   0.0105  -0.0551  -0.0445
19.40   0.0110  -0.0560  -0.0450
19.50   0.0115  -0.0569  -0.0454
19.60   0.0120  -0.0579  -0.0459
19.70   0.0126  -0.0591  -0.0464
19.80   0.0132  -0.0602  -0.0470
19.90   0.0139  -0.0614  -0.0476
20.00   0.0146  -0.0628  -0.0482
20.10   0.0153  -0.0641  -0.0488
20.20   0.0161  -0.0655  -0.0494
20.30   0.0169  -0.0669  -0.0500
20.40   0.0178  -0.0683  -0.0506
20.50   0.0187  -0.0698  -0.0511
20.60   0.0196  -0.0710  -0.0515
20.70   0.0203  -0.0719  -0.0516
20.80   0.0209  -0.0724  -0.0514
20.90   0.0216  -0.0728  -0.0512
21.00   0.0222  -0.0733  -0.0510
21.10   0.0229  -0.0737  -0.0508
21.20   0.0236  -0.0742  -0.0506
21.30   0.0244  -0.0747  -0.0504
21.40   0.0251  -0.0753  -0.0501
21.50   0.0259  -0.0759  -0.0499
21.60   0.0268  -0.0764  -0.0497
21.70   0.0276  -0.0771  -0.0495
21.80   0.0285  -0.0777  -0.0492
21.90   0.0295  -0.0784  -0.0490
22.00   0.0304  -0.0791  -0.0487
22.10   0.0315  -0.0798  -0.0483
22.20   0.0326  -0.0804  -0.0478
22.30   0.0336  -0.0810  -0.0474
22.40   0.0348  -0.0817  -0.0469
22.50   0.0360  -0.0823  -0.0464
22.60   0.0372  -0.0830  -0.0459
22.70   0.0384  -0.0837  -0.0453
22.80   0.0397  -0.0844  -0.0447
22.90   0.0410  -0.0852  -0.0441
23.00   0.0424  -0.0859  -0.0435
23.10   0.0438  -0.0867  -0.0429
23.20   0.0452  -0.0874  -0.0422
23.30   0.0466  -0.0881  -0.0415
23.40   0.0481  -0.0889  -0.0407
23.50   0.0497  -0.0896  -0.0400
23.60   0.0512  -0.0904  -0.0392
23.70   0.0527  -0.0911  -0.0383
23.80   0.0543  -0.0918  -0.0375
23.90   0.0559  -0.0925  -0.0366
24.00   0.0576  -0.0932  -0.0356
24.10   0.0592  -0.0938  -0.0346
24.20   0.0608  -0.0944  -0.0336
24.30   0.0625  -0.0950  -0.0325
24.40   0.0641  -0.0956  -0.0314
24.50   0.0658  -0.0961  -0.0303
24.60   0.0675  -0.0966  -0.0291
24.70   0.0691  -0.0971  -0.0279
24.80   0.0708  -0.0975  -0.0267
24.90   0.0724  -0.0977  -0.0254
25.00   0.0740  -0.0980  -0.0239
25.10   0.0756  -0.0981  -0.0225
25.20   0.0772  -0.0982  -0.0209
25.30   0.0788  -0.0983  -0.0194
25.40   0.0804  -0.0983  -0.0179
25.50   0.0819  -0.0983  -0.0164
25.60   0.0835  -0.0983  -0.0148
25.70   0.0850  -0.0983  -0.0132
25.80   0.0865  -0.0982  -0.0117
25.90   0.0879  -0.0981  -0.0102
26.00   0.0894  -0.0980  -0.0086
26.10   0.0908  -0.0978  -0.0070
26.20   0.0922  -0.0977  -0.0055
26.30   0.0936  -0.0975  -0.0039
26.40   0.0951  -0.0975  -0.0023
26.50   0.0967  -0.0974  -0.0008
26.60   0.0982  -0.0974   0.0008
26.70   0.0998  -0.0974   0.0024
26.80   0.1014  -0.0974   0.0040
26.90   0.1030  -0.0973   0.0056
27.00   0.1045  -0.0973   0.0072
27.10   0.1061  -0.0972   0.0088
27.20   0.1076  -0.0972   0.0104
27.30   0.1090  -0.0970   0.0120
27.40   0.1105  -0.0969   0.0136
27.50   0.1119  -0.0968   0.0151
27.60   0.1133  -0.0966   0.0167
27.70   0.1146  -0.0964   0.0182
27.80   0.1159  -0.0961   0.0198
27.90   0.1172  -0.0958   0.0214
28.00   0.1184  -0.0955   0.0229
28.10   0.1196  -0.0951   0.0245
28.20   0.1208  -0.0947   0.0260
28.30   0.1219  -0.0943   0.0276
28.40   0.1229  -0.0939   0.0290
28.50   0.1239  -0.0934   0.0305
28.60   0.1249  -0.0930   0.0319
28.70   0.1258  -0.0925   0.0333
28.80   0.1267  -0.0920   0.0347
28.90   0.1276  -0.0915   0.0361
29.00   0.1284  -0.0910   0.0374
29.10   0.1291  -0.0904   0.0387
29.20   0.1299  -0.0899   0.0399
29.30   0.1305  -0.0894   0.0411
29.40   0.1311  -0.0888   0.0423
29.50   0.1317  -0.0883   0.0435
29.60   0.1323  -0.0877   0.0446
29.70   0.1328  -0.0872   0.0456
29.80   0.1333  -0.0866   0.0467
29.90   0.1338  -0.0860   0.0477
30.00   0.1341  -0.0854   0.0487
