     height (km) solar hr (K/day)    IR hr (K/day)   Net hr (K/day)
 0.00  -0.0901  -0.1310  -0.2213
 0.10  -0.0926  -0.0692  -0.1619
 0.20  -0.0951  -0.0074  -0.1026
 0.30  -0.0976   0.0517  -0.0459
 0.40  -0.0999   0.1057   0.0058
 0.50  -0.1014   0.1488   0.0474
 0.60  -0.1021   0.1834   0.0813
 0.70  -0.1022   0.2158   0.1136
 0.80  -0.1016   0.2466   0.1450
 0.90  -0.0999   0.2758   0.1759
 1.00  -0.0967   0.2983   0.2016
 1.10  -0.0915   0.3077   0.2160
 1.20  -0.0843   0.2956   0.2113
 1.30  -0.0760   0.2595   0.1835
 1.40  -0.0692   0.2111   0.1418
 1.50  -0.0642   0.1604   0.0962
 1.60  -0.0609   0.1126   0.0517
 1.70  -0.0602   0.0845   0.0243
 1.80  -0.0616   0.0767   0.0151
 1.90  -0.0639   0.0808   0.0169
 2.00  -0.0665   0.0887   0.0221
 2.10  -0.0690   0.1001   0.0312
 2.20  -0.0710   0.1089   0.0379
 2.30  -0.0727   0.1158   0.0432
 2.40  -0.0741   0.1222   0.0481
 2.50  -0.0757   0.1311   0.0553
 2.60  -0.0773   0.1423   0.0650
 2.70  -0.0792   0.1603   0.0811
 2.80  -0.0802   0.1697   0.0895
 2.90  -0.0811   0.1775   0.0965
 3.00  -0.0819   0.1887   0.1068
 3.10  -0.0824   0.1963   0.1139
 3.20  -0.0827   0.2053   0.1226
 3.30  -0.0826   0.2101   0.1275
 3.40  -0.0825   0.2153   0.1329
 3.50  -0.0823   0.2218   0.1395
 3.60  -0.0819   0.2247   0.1429
 3.70  -0.0817   0.2310   0.1494
 3.80  -0.0810   0.2325   0.1515
 3.90  -0.0802   0.2318   0.1517
 4.00  -0.0791   0.2242   0.1451
 4.10  -0.0785   0.2199   0.1415
 4.20  -0.0784   0.2228   0.1444
 4.30  -0.0786   0.2254   0.1467
 4.40  -0.0789   0.2283   0.1494
 4.50  -0.0796   0.2337   0.1541
 4.60  -0.0803   0.2377   0.1573
 4.70  -0.0808   0.2444   0.1636
 4.80  -0.0811   0.2540   0.1728
 4.90  -0.0811   0.2755   0.1944
 5.00  -0.0797   0.3179   0.2382
 5.10  -0.0770   0.3648   0.2878
 5.20  -0.0737   0.3912   0.3175
 5.30  -0.0703   0.3858   0.3154
 5.40  -0.0665   0.3822   0.3157
 5.50  -0.0621   0.3670   0.3049
 5.60  -0.0567   0.3504   0.2937
 5.70  -0.0524   0.3386   0.2861
 5.80  -0.0470   0.3231   0.2761
 5.90  -0.0418   0.3110   0.2692
 6.00  -0.0379   0.3005   0.2626
 6.10  -0.0337   0.2930   0.2593
 6.20  -0.0299   0.2857   0.2558
 6.30  -0.0262   0.2772   0.2510
 6.40  -0.0224   0.2702   0.2478
 6.50  -0.0183   0.2651   0.2467
 6.60  -0.0143   0.2567   0.2424
 6.70  -0.0101   0.2479   0.2379
 6.80  -0.0065   0.2413   0.2348
 6.90  -0.0037   0.2330   0.2293
 7.00  -0.0026   0.2298   0.2272
 7.10  -0.0017   0.2273   0.2256
 7.20  -0.0012   0.2293   0.2280
 7.30  -0.0011   0.2354   0.2342
 7.40  -0.0004   0.2367   0.2363
 7.50  -0.0010   0.2488   0.2479
 7.60  -0.0009   0.2573   0.2564
 7.70  -0.0009   0.2690   0.2681
 7.80  -0.0006   0.2765   0.2760
 7.90   0.0004   0.2858   0.2862
 8.00   0.0017   0.2944   0.2962
 8.10   0.0036   0.3049   0.3084
 8.20   0.0060   0.3151   0.3211
 8.30   0.0102   0.3175   0.3277
 8.40   0.0153   0.3161   0.3315
 8.50   0.0201   0.3177   0.3379
 8.60   0.0252   0.3192   0.3444
 8.70   0.0300   0.3208   0.3508
 8.80   0.0343   0.3255   0.3598
 8.90   0.0390   0.3308   0.3698
 9.00   0.0432   0.3382   0.3814
 9.10   0.0477   0.3452   0.3929
 9.20   0.0531   0.3473   0.4004
 9.30   0.0582   0.3522   0.4103
 9.40   0.0632   0.3582   0.4214
 9.50   0.0688   0.3650   0.4338
 9.60   0.0752   0.3720   0.4472
 9.70   0.0818   0.3765   0.4584
 9.80   0.0891   0.3764   0.4655
 9.90   0.0970   0.3743   0.4713
10.00   0.1053   0.3752   0.4806
10.10   0.1152   0.3710   0.4862
10.20   0.1242   0.3731   0.4973
10.30   0.1339   0.3678   0.5017
10.40   0.1434   0.3664   0.5098
10.50   0.1535   0.3614   0.5149
10.60   0.1638   0.3555   0.5193
10.70   0.1740   0.3503   0.5243
10.80   0.1845   0.3449   0.5295
10.90   0.1957   0.3380   0.5336
11.00   0.2068   0.3302   0.5369
11.10   0.2186   0.3188   0.5374
11.20   0.2311   0.3068   0.5379
11.30   0.2448   0.2897   0.5345
11.40   0.2583   0.2786   0.5369
11.50   0.2721   0.2608   0.5330
11.60   0.2860   0.2469   0.5329
11.70   0.3000   0.2279   0.5279
11.80   0.3136   0.2081   0.5217
11.90   0.3267   0.1871   0.5137
12.00   0.3396   0.1652   0.5048
12.10   0.3520   0.1446   0.4965
12.20   0.3637   0.1201   0.4839
12.30   0.3730   0.0987   0.4716
12.40   0.3791   0.0771   0.4562
12.50   0.3819   0.0565   0.4383
12.60   0.3823   0.0350   0.4173
12.70   0.3813   0.0170   0.3982
12.80   0.3785  -0.0041   0.3745
12.90   0.3740  -0.0204   0.3537
13.00   0.3680  -0.0366   0.3314
13.10   0.3602  -0.0476   0.3125
13.20   0.3505  -0.0554   0.2951
13.30   0.3403  -0.0626   0.2777
13.40   0.3291  -0.0684   0.2607
13.50   0.3169  -0.0729   0.2441
13.60   0.3042  -0.0735   0.2307
13.70   0.2904  -0.0748   0.2156
13.80   0.2760  -0.0702   0.2057
13.90   0.2613  -0.0684   0.1929
14.00   0.2460  -0.0606   0.1854
14.10   0.2314  -0.0538   0.1777
14.20   0.2172  -0.0462   0.1710
14.30   0.2034  -0.0373   0.1661
14.40   0.1899  -0.0258   0.1641
14.50   0.1760  -0.0104   0.1656
14.60   0.1641  -0.0020   0.1622
14.70   0.1519   0.0105   0.1625
14.80   0.1404   0.0211   0.1615
14.90   0.1298   0.0298   0.1597
15.00   0.1190   0.0398   0.1589
15.10   0.1098   0.0458   0.1557
15.20   0.1006   0.0524   0.1532
15.30   0.0924   0.0566   0.1489
15.40   0.0853   0.0566   0.1418
15.50   0.0778   0.0609   0.1387
15.60   0.0714   0.0629   0.1343
15.70   0.0656   0.0651   0.1306
15.80   0.0594   0.0667   0.1261
15.90   0.0539   0.0675   0.1214
16.00   0.0492   0.0667   0.1158
16.10   0.0440   0.0660   0.1100
16.20   0.0402   0.0616   0.1017
16.30   0.0361   0.0565   0.0925
16.40   0.0319   0.0500   0.0819
16.50   0.0288   0.0426   0.0714
16.60   0.0259   0.0345   0.0604
16.70   0.0229   0.0256   0.0484
16.80   0.0205   0.0159   0.0363
16.90   0.0175   0.0059   0.0234
17.00   0.0147  -0.0043   0.0103
17.10   0.0122  -0.0117   0.0004
17.20   0.0099  -0.0173  -0.0074
17.30   0.0080  -0.0234  -0.0153
17.40   0.0069  -0.0268  -0.0199
17.50   0.0060  -0.0303  -0.0243
17.60   0.0054  -0.0327  -0.0274
17.70   0.0050  -0.0348  -0.0297
17.80   0.0050  -0.0367  -0.0317
17.90   0.0050  -0.0384  -0.0335
18.00   0.0049  -0.0397  -0.0347
18.10   0.0052  -0.0411  -0.0360
18.20   0.0054  -0.0425  -0.0371
18.30   0.0057  -0.0439  -0.0382
18.40   0.0062  -0.0454  -0.0393
18.50   0.0065  -0.0470  -0.0405
18.60   0.0069  -0.0484  -0.0415
18.70   0.0072  -0.0492  -0.0420
18.80   0.0074  -0.0498  -0.0423
18.90   0.0077  -0.0504  -0.0427
19.00   0.0080  -0.0511  -0.0431
19.10   0.0083  -0.0519  -0.0436
19.20   0.0086  -0.0527  -0.0440
19.30   0.0090  -0.0536  -0.0445
19.40   0.0095  -0.0545  -0.0451
19.50   0.0099  -0.0556  -0.0457
19.60   0.0104  -0.0568  -0.0464
19.70   0.0109  -0.0581  -0.0471
19.80   0.0115  -0.0595  -0.0479
19.90   0.0122  -0.0609  -0.0488
20.00   0.0128  -0.0625  -0.0497
20.10   0.0135  -0.0641  -0.0505
20.20   0.0143  -0.0658  -0.0514
20.30   0.0151  -0.0675  -0.0524
20.40   0.0160  -0.0693  -0.0533
20.50   0.0168  -0.0711  -0.0542
20.60   0.0177  -0.0726  -0.0549
20.70   0.0184  -0.0735  -0.0550
20.80   0.0191  -0.0741  -0.0550
20.90   0.0197  -0.0747  -0.0550
21.00   0.0204  -0.0754  -0.0550
21.10   0.0211  -0.0760  -0.0549
21.20   0.0218  -0.0768  -0.0549
21.30   0.0226  -0.0774  -0.0549
21.40   0.0233  -0.0782  -0.0548
21.50   0.0241  -0.0790  -0.0548
21.60   0.0250  -0.0798  -0.0548
21.70   0.0259  -0.0807  -0.0547
21.80   0.0269  -0.0816  -0.0547
21.90   0.0279  -0.0825  -0.0547
22.00   0.0289  -0.0834  -0.0546
22.10   0.0299  -0.0843  -0.0543
22.20   0.0311  -0.0852  -0.0541
22.30   0.0322  -0.0860  -0.0538
22.40   0.0333  -0.0869  -0.0535
22.50   0.0346  -0.0879  -0.0532
22.60   0.0359  -0.0888  -0.0529
22.70   0.0372  -0.0898  -0.0526
22.80   0.0385  -0.0907  -0.0522
22.90   0.0398  -0.0917  -0.0518
23.00   0.0413  -0.0927  -0.0514
23.10   0.0427  -0.0937  -0.0509
23.20   0.0442  -0.0947  -0.0505
23.30   0.0457  -0.0956  -0.0499
23.40   0.0472  -0.0966  -0.0494
23.50   0.0488  -0.0976  -0.0488
23.60   0.0504  -0.0985  -0.0482
23.70   0.0520  -0.0995  -0.0475
23.80   0.0537  -0.1004  -0.0468
23.90   0.0554  -0.1015  -0.0461
24.00   0.0571  -0.1024  -0.0453
24.10   0.0588  -0.1033  -0.0445
24.20   0.0605  -0.1042  -0.0437
24.30   0.0623  -0.1051  -0.0428
24.40   0.0640  -0.1059  -0.0418
24.50   0.0658  -0.1066  -0.0408
24.60   0.0675  -0.1074  -0.0398
24.70   0.0693  -0.1080  -0.0387
24.80   0.0710  -0.1086  -0.0376
24.90   0.0727  -0.1089  -0.0363
25.00   0.0743  -0.1092  -0.0349
25.10   0.0760  -0.1094  -0.0335
25.20   0.0776  -0.1096  -0.0320
25.30   0.0792  -0.1097  -0.0305
25.40   0.0808  -0.1098  -0.0289
25.50   0.0823  -0.1097  -0.0275
25.60   0.0839  -0.1097  -0.0259
25.70   0.0853  -0.1097  -0.0243
25.80   0.0868  -0.1096  -0.0227
25.90   0.0882  -0.1094  -0.0212
26.00   0.0896  -0.1093  -0.0197
26.10   0.0910  -0.1090  -0.0181
26.20   0.0923  -0.1088  -0.0165
26.30   0.0936  -0.1086  -0.0150
26.40   0.0950  -0.1084  -0.0134
26.50   0.0966  -0.1083  -0.0118
26.60   0.0979  -0.1083  -0.0102
26.70   0.0995  -0.1082  -0.0087
26.80   0.1009  -0.1080  -0.0071
26.90   0.1024  -0.1079  -0.0055
27.00   0.1038  -0.1077  -0.0040
27.10   0.1052  -0.1076  -0.0024
27.20   0.1065  -0.1074  -0.0008
27.30   0.1078  -0.1072   0.0007
27.40   0.1092  -0.1069   0.0023
27.50   0.1104  -0.1066   0.0037
27.60   0.1116  -0.1063   0.0052
27.70   0.1128  -0.1060   0.0067
27.80   0.1140  -0.1056   0.0083
27.90   0.1150  -0.1052   0.0098
28.00   0.1161  -0.1047   0.0114
28.10   0.1171  -0.1042   0.0129
28.20   0.1182  -0.1037   0.0144
28.30   0.1189  -0.1032   0.0158
28.40   0.1199  -0.1026   0.0173
28.50   0.1207  -0.1021   0.0187
28.60   0.1215  -0.1015   0.0201
28.70   0.1223  -0.1009   0.0214
28.80   0.1230  -0.1003   0.0228
28.90   0.1236  -0.0996   0.0241
29.00   0.1244  -0.0990   0.0254
29.10   0.1250  -0.0984   0.0266
29.20   0.1256  -0.0977   0.0278
29.30   0.1261  -0.0971   0.0290
29.40   0.1265  -0.0964   0.0301
29.50   0.1269  -0.0958   0.0312
29.60   0.1274  -0.0951   0.0323
29.70   0.1277  -0.0944   0.0333
29.80   0.1281  -0.0937   0.0344
29.90   0.1284  -0.0931   0.0353
30.00   0.1286  -0.0924   0.0363
