     height (km) solar hr (K/day)    IR hr (K/day)   Net hr (K/day)
 0.00  -0.0972  -0.1500  -0.2473
 0.10  -0.0998  -0.0825  -0.1824
 0.20  -0.1024  -0.0150  -0.1175
 0.30  -0.1050   0.0495  -0.0554
 0.40  -0.1072   0.1063  -0.0009
 0.50  -0.1085   0.1515   0.0430
 0.60  -0.1087   0.1882   0.0795
 0.70  -0.1079   0.2197   0.1118
 0.80  -0.1059   0.2450   0.1390
 0.90  -0.1023   0.2681   0.1658
 1.00  -0.0967   0.2910   0.1943
 1.10  -0.0875   0.2906   0.2030
 1.20  -0.0747   0.2533   0.1785
 1.30  -0.0610   0.1755   0.1144
 1.40  -0.0526   0.1019   0.0493
 1.50  -0.0492   0.0535   0.0043
 1.60  -0.0498   0.0359  -0.0139
 1.70  -0.0518   0.0315  -0.0203
 1.80  -0.0542   0.0302  -0.0240
 1.90  -0.0579   0.0446  -0.0132
 2.00  -0.0607   0.0540  -0.0067
 2.10  -0.0635   0.0660   0.0026
 2.20  -0.0661   0.0785   0.0124
 2.30  -0.0682   0.0838   0.0156
 2.40  -0.0705   0.0943   0.0238
 2.50  -0.0731   0.1116   0.0386
 2.60  -0.0752   0.1268   0.0516
 2.70  -0.0771   0.1405   0.0634
 2.80  -0.0792   0.1600   0.0809
 2.90  -0.0807   0.1756   0.0949
 3.00  -0.0816   0.1902   0.1086
 3.10  -0.0820   0.1994   0.1173
 3.20  -0.0824   0.2089   0.1266
 3.30  -0.0824   0.2164   0.1340
 3.40  -0.0821   0.2232   0.1412
 3.50  -0.0814   0.2294   0.1479
 3.60  -0.0807   0.2328   0.1521
 3.70  -0.0799   0.2363   0.1564
 3.80  -0.0790   0.2365   0.1576
 3.90  -0.0777   0.2318   0.1541
 4.00  -0.0765   0.2250   0.1486
 4.10  -0.0758   0.2195   0.1437
 4.20  -0.0759   0.2170   0.1411
 4.30  -0.0766   0.2196   0.1431
 4.40  -0.0772   0.2213   0.1440
 4.50  -0.0779   0.2235   0.1455
 4.60  -0.0784   0.2248   0.1465
 4.70  -0.0784   0.2311   0.1528
 4.80  -0.0781   0.2519   0.1738
 4.90  -0.0772   0.2736   0.1964
 5.00  -0.0757   0.3106   0.2349
 5.10  -0.0736   0.3591   0.2854
 5.20  -0.0695   0.3807   0.3112
 5.30  -0.0651   0.3687   0.3036
 5.40  -0.0599   0.3599   0.3001
 5.50  -0.0551   0.3402   0.2851
 5.60  -0.0507   0.3266   0.2759
 5.70  -0.0463   0.3155   0.2693
 5.80  -0.0428   0.3077   0.2650
 5.90  -0.0388   0.3043   0.2655
 6.00  -0.0352   0.2998   0.2646
 6.10  -0.0314   0.2937   0.2623
 6.20  -0.0268   0.2856   0.2589
 6.30  -0.0227   0.2786   0.2559
 6.40  -0.0193   0.2711   0.2518
 6.50  -0.0154   0.2652   0.2498
 6.60  -0.0116   0.2553   0.2438
 6.70  -0.0080   0.2467   0.2388
 6.80  -0.0058   0.2425   0.2367
 6.90  -0.0035   0.2379   0.2343
 7.00  -0.0016   0.2311   0.2295
 7.10   0.0005   0.2209   0.2213
 7.20   0.0020   0.2146   0.2166
 7.30   0.0024   0.2183   0.2208
 7.40   0.0028   0.2240   0.2267
 7.50   0.0022   0.2353   0.2375
 7.60   0.0019   0.2459   0.2479
 7.70   0.0016   0.2546   0.2563
 7.80   0.0014   0.2656   0.2669
 7.90   0.0021   0.2729   0.2751
 8.00   0.0037   0.2807   0.2845
 8.10   0.0052   0.2937   0.2988
 8.20   0.0078   0.3020   0.3098
 8.30   0.0120   0.3049   0.3169
 8.40   0.0171   0.3033   0.3204
 8.50   0.0216   0.3062   0.3278
 8.60   0.0255   0.3124   0.3380
 8.70   0.0300   0.3175   0.3474
 8.80   0.0347   0.3214   0.3561
 8.90   0.0388   0.3273   0.3661
 9.00   0.0430   0.3343   0.3772
 9.10   0.0477   0.3385   0.3862
 9.20   0.0521   0.3438   0.3959
 9.30   0.0578   0.3463   0.4040
 9.40   0.0636   0.3500   0.4136
 9.50   0.0692   0.3603   0.4295
 9.60   0.0761   0.3670   0.4431
 9.70   0.0827   0.3745   0.4573
 9.80   0.0911   0.3724   0.4635
 9.90   0.0998   0.3732   0.4730
10.00   0.1090   0.3715   0.4805
10.10   0.1189   0.3679   0.4868
10.20   0.1287   0.3664   0.4952
10.30   0.1395   0.3605   0.4999
10.40   0.1497   0.3544   0.5041
10.50   0.1600   0.3457   0.5057
10.60   0.1703   0.3368   0.5071
10.70   0.1812   0.3282   0.5094
10.80   0.1926   0.3186   0.5112
10.90   0.2035   0.3131   0.5166
11.00   0.2155   0.3021   0.5176
11.10   0.2284   0.2908   0.5193
11.20   0.2422   0.2750   0.5172
11.30   0.2558   0.2595   0.5153
11.40   0.2702   0.2428   0.5130
11.50   0.2847   0.2236   0.5084
11.60   0.2991   0.2062   0.5053
11.70   0.3134   0.1854   0.4988
11.80   0.3277   0.1648   0.4926
11.90   0.3419   0.1371   0.4790
12.00   0.3554   0.1166   0.4720
12.10   0.3686   0.0895   0.4581
12.20   0.3797   0.0668   0.4465
12.30   0.3875   0.0391   0.4266
12.40   0.3909   0.0177   0.4086
12.50   0.3924  -0.0066   0.3859
12.60   0.3923  -0.0249   0.3673
12.70   0.3907  -0.0480   0.3427
12.80   0.3868  -0.0651   0.3216
12.90   0.3816  -0.0840   0.2976
13.00   0.3748  -0.0979   0.2769
13.10   0.3669  -0.1152   0.2517
13.20   0.3566  -0.1222   0.2344
13.30   0.3453  -0.1335   0.2118
13.40   0.3324  -0.1380   0.1944
13.50   0.3191  -0.1439   0.1751
13.60   0.3041  -0.1424   0.1616
13.70   0.2889  -0.1418   0.1472
13.80   0.2731  -0.1369   0.1362
13.90   0.2568  -0.1290   0.1277
14.00   0.2413  -0.1238   0.1175
14.10   0.2246  -0.1114   0.1132
14.20   0.2098  -0.1029   0.1069
14.30   0.1947  -0.0876   0.1072
14.40   0.1805  -0.0744   0.1061
14.50   0.1666  -0.0606   0.1060
14.60   0.1533  -0.0465   0.1067
14.70   0.1413  -0.0367   0.1046
14.80   0.1292  -0.0254   0.1038
14.90   0.1187  -0.0193   0.0994
15.00   0.1083  -0.0110   0.0973
15.10   0.0981  -0.0014   0.0968
15.20   0.0902   0.0006   0.0908
15.30   0.0816   0.0050   0.0866
15.40   0.0737   0.0088   0.0824
15.50   0.0666   0.0124   0.0790
15.60   0.0593   0.0160   0.0755
15.70   0.0535   0.0175   0.0710
15.80   0.0482   0.0185   0.0666
15.90   0.0425   0.0194   0.0619
16.00   0.0378   0.0202   0.0580
16.10   0.0335   0.0188   0.0523
16.20   0.0295   0.0153   0.0448
16.30   0.0265   0.0110   0.0376
16.40   0.0230   0.0061   0.0291
16.50   0.0192   0.0022   0.0215
16.60   0.0167  -0.0020   0.0147
16.70   0.0139  -0.0069   0.0071
16.80   0.0118  -0.0113   0.0006
16.90   0.0105  -0.0155  -0.0050
17.00   0.0092  -0.0190  -0.0098
17.10   0.0079  -0.0230  -0.0152
17.20   0.0070  -0.0265  -0.0194
17.30   0.0062  -0.0291  -0.0229
17.40   0.0057  -0.0315  -0.0259
17.50   0.0053  -0.0335  -0.0281
17.60   0.0052  -0.0350  -0.0298
17.70   0.0051  -0.0360  -0.0310
17.80   0.0053  -0.0374  -0.0321
17.90   0.0055  -0.0386  -0.0331
18.00   0.0058  -0.0399  -0.0341
18.10   0.0062  -0.0412  -0.0351
18.20   0.0066  -0.0428  -0.0362
18.30   0.0069  -0.0443  -0.0373
18.40   0.0074  -0.0459  -0.0384
18.50   0.0079  -0.0475  -0.0396
18.60   0.0084  -0.0490  -0.0406
18.70   0.0088  -0.0501  -0.0413
18.80   0.0091  -0.0508  -0.0417
18.90   0.0095  -0.0515  -0.0420
19.00   0.0099  -0.0523  -0.0424
19.10   0.0103  -0.0531  -0.0428
19.20   0.0107  -0.0540  -0.0433
19.30   0.0112  -0.0548  -0.0436
19.40   0.0116  -0.0558  -0.0441
19.50   0.0123  -0.0568  -0.0446
19.60   0.0128  -0.0579  -0.0451
19.70   0.0135  -0.0592  -0.0457
19.80   0.0141  -0.0604  -0.0463
19.90   0.0148  -0.0618  -0.0469
20.00   0.0156  -0.0632  -0.0476
20.10   0.0164  -0.0646  -0.0483
20.20   0.0172  -0.0661  -0.0489
20.30   0.0181  -0.0676  -0.0496
20.40   0.0190  -0.0692  -0.0502
20.50   0.0200  -0.0708  -0.0508
20.60   0.0210  -0.0723  -0.0514
20.70   0.0219  -0.0734  -0.0517
20.80   0.0226  -0.0742  -0.0516
20.90   0.0233  -0.0748  -0.0515
21.00   0.0240  -0.0755  -0.0514
21.10   0.0248  -0.0761  -0.0512
21.20   0.0256  -0.0768  -0.0511
21.30   0.0264  -0.0774  -0.0510
21.40   0.0272  -0.0781  -0.0508
21.50   0.0281  -0.0789  -0.0506
21.60   0.0291  -0.0795  -0.0505
21.70   0.0301  -0.0803  -0.0503
21.80   0.0311  -0.0810  -0.0500
21.90   0.0321  -0.0818  -0.0497
22.00   0.0331  -0.0826  -0.0495
22.10   0.0342  -0.0833  -0.0490
22.20   0.0355  -0.0839  -0.0485
22.30   0.0366  -0.0846  -0.0480
22.40   0.0378  -0.0852  -0.0473
22.50   0.0391  -0.0859  -0.0468
22.60   0.0404  -0.0866  -0.0462
22.70   0.0417  -0.0872  -0.0455
22.80   0.0431  -0.0879  -0.0448
22.90   0.0445  -0.0886  -0.0440
23.00   0.0460  -0.0893  -0.0433
23.10   0.0474  -0.0899  -0.0425
23.20   0.0490  -0.0906  -0.0417
23.30   0.0505  -0.0913  -0.0408
23.40   0.0521  -0.0919  -0.0399
23.50   0.0537  -0.0926  -0.0390
23.60   0.0553  -0.0933  -0.0380
23.70   0.0569  -0.0939  -0.0370
23.80   0.0586  -0.0945  -0.0360
23.90   0.0603  -0.0952  -0.0348
24.00   0.0620  -0.0957  -0.0337
24.10   0.0637  -0.0962  -0.0325
24.20   0.0655  -0.0967  -0.0313
24.30   0.0672  -0.0972  -0.0301
24.40   0.0690  -0.0978  -0.0288
24.50   0.0707  -0.0982  -0.0275
24.60   0.0725  -0.0986  -0.0262
24.70   0.0742  -0.0990  -0.0248
24.80   0.0759  -0.0994  -0.0234
24.90   0.0777  -0.0996  -0.0219
25.00   0.0794  -0.0997  -0.0203
25.10   0.0811  -0.0998  -0.0187
25.20   0.0828  -0.0998  -0.0170
25.30   0.0845  -0.0998  -0.0153
25.40   0.0861  -0.0997  -0.0136
25.50   0.0877  -0.0997  -0.0120
25.60   0.0894  -0.0996  -0.0103
25.70   0.0910  -0.0995  -0.0085
25.80   0.0925  -0.0994  -0.0068
25.90   0.0940  -0.0992  -0.0051
26.00   0.0955  -0.0990  -0.0034
26.10   0.0970  -0.0987  -0.0017
26.20   0.0985  -0.0985  -0.0001
26.30   0.0999  -0.0983   0.0016
26.40   0.1014  -0.0981   0.0033
26.50   0.1030  -0.0980   0.0051
26.60   0.1047  -0.0980   0.0068
26.70   0.1064  -0.0979   0.0085
26.80   0.1081  -0.0979   0.0102
26.90   0.1098  -0.0978   0.0120
27.00   0.1115  -0.0977   0.0137
27.10   0.1131  -0.0977   0.0154
27.20   0.1147  -0.0975   0.0171
27.30   0.1163  -0.0974   0.0188
27.40   0.1177  -0.0972   0.0205
27.50   0.1193  -0.0970   0.0222
27.60   0.1207  -0.0968   0.0239
27.70   0.1221  -0.0966   0.0255
27.80   0.1235  -0.0964   0.0272
27.90   0.1250  -0.0961   0.0288
28.00   0.1262  -0.0957   0.0305
28.10   0.1274  -0.0953   0.0321
28.20   0.1287  -0.0949   0.0338
28.30   0.1298  -0.0945   0.0354
28.40   0.1310  -0.0940   0.0370
28.50   0.1320  -0.0935   0.0385
28.60   0.1330  -0.0930   0.0400
28.70   0.1340  -0.0925   0.0415
28.80   0.1349  -0.0920   0.0429
28.90   0.1357  -0.0915   0.0443
29.00   0.1366  -0.0910   0.0456
29.10   0.1373  -0.0904   0.0469
29.20   0.1381  -0.0899   0.0482
29.30   0.1388  -0.0893   0.0495
29.40   0.1394  -0.0887   0.0507
29.50   0.1401  -0.0881   0.0519
29.60   0.1405  -0.0875   0.0530
29.70   0.1410  -0.0870   0.0541
29.80   0.1415  -0.0864   0.0551
29.90   0.1419  -0.0858   0.0561
30.00   0.1423  -0.0852   0.0571
