#of levels:        295
base height:     0.10933494
altitude (km)    pressure (hPa)  temperature (K)  water vapor mixing ratio (kg/kg) ozone mixing ratio(kg/kg)
       59.772966     0.207579       251.06124   3.8366031e-06   1.6158841e-06
       58.790581     0.237186       252.42507   3.8368367e-06   1.7831902e-06
       57.802875     0.271016       253.78889   3.8461198e-06   1.9534286e-06
       56.809846     0.309671       255.15271   3.8685590e-06   2.1281622e-06
       55.811495     0.353839       256.51653   3.8865889e-06   2.3215578e-06
       54.807821     0.404308       257.88035   3.8994107e-06   2.5281544e-06
       53.798825     0.461975       259.24417   3.9057549e-06   2.7491079e-06
       52.786023     0.527867       259.83158   3.8987790e-06   3.0057583e-06
       51.770984     0.603157       260.39052   3.8836482e-06   3.2873532e-06
       50.753769     0.689185       260.94695   3.8607223e-06   3.5951785e-06
       49.734434     0.787484       261.47686   3.8285652e-06   3.9547152e-06
       48.713032     0.899804       262.00676   3.7929654e-06   4.3640897e-06
       47.689744      1.02814       262.44230   3.7544662e-06   4.8159121e-06
       46.665458      1.17479       262.51883   3.7120744e-06   5.3258887e-06
       45.640875      1.34235       262.59536   3.6709854e-06   5.9075109e-06
       44.616934      1.53381       262.18920   3.6249069e-06   6.5437978e-06
       43.596491      1.75258       260.80271   3.5679005e-06   7.2474087e-06
       42.581458      2.00255       259.41622   3.5018444e-06   8.0550613e-06
       41.572586      2.28818       257.64490   3.4337828e-06   8.9218053e-06
       40.571540      2.61454       255.40643   3.3648895e-06   9.8456844e-06
       39.579228      2.98745       253.16797   3.3065893e-06   1.0839084e-05
       38.595868      3.41356       250.81879   3.2424894e-06   1.1792718e-05
       37.621838      3.90044       248.38582   3.1748845e-06   1.2689619e-05
       36.657333      4.45676       245.93693   3.1130553e-06   1.3411240e-05
       35.702822      5.09243       243.26344   3.0483417e-06   1.4094119e-05
       34.758960      5.81877       240.48066   2.9855281e-06   1.4728147e-05
       33.825839      6.64870       237.75719   2.9319051e-06   1.5245177e-05
       32.902468      7.59701       235.48453   2.8737617e-06   1.5751335e-05
       31.987512      8.68058       233.44382   2.7893826e-06   1.6093343e-05
       31.080306      9.91870       231.51233   2.7984933e-06   1.6203454e-05
       30.989999      10.0518       231.32411   2.8033610e-06   1.6199080e-05
       30.899762      10.1868       231.15560   2.8082289e-06   1.6193355e-05
       30.809589      10.3235       230.99260   2.8130966e-06   1.6200557e-05
       30.719479      10.4621       230.83599   2.8179643e-06   1.6188260e-05
       30.629431      10.6025       230.67633   2.8228321e-06   1.6180478e-05
       30.539443      10.7448       230.52594   2.8276997e-06   1.6159252e-05
       30.449512      10.8890       230.38178   2.8325675e-06   1.6144656e-05
       30.359640      11.0352       230.22692   2.8374353e-06   1.6131994e-05
       30.269826      11.1833       230.07981   2.8423030e-06   1.6111088e-05
       30.180070      11.3334       229.93044   2.8471708e-06   1.6095493e-05
       30.090373      11.4855       229.78288   2.8520385e-06   1.6065652e-05
       30.000735      11.6397       229.62712   2.8569062e-06   1.6037969e-05
       29.911155      11.7959       229.48322   2.8617739e-06   1.6006233e-05
       29.821635      11.9543       229.31763   2.8666414e-06   1.5979131e-05
       29.732182      12.1147       229.14626   2.8749561e-06   1.5940933e-05
       29.642793      12.2773       228.98628   2.8838702e-06   1.5880958e-05
       29.553467      12.4421       228.82322   2.8927857e-06   1.5820665e-05
       29.464204      12.6091       228.66061   2.9017000e-06   1.5764180e-05
       29.375006      12.7784       228.49384   2.9106145e-06   1.5699095e-05
       29.285871      12.9499       228.33742   2.9420310e-06   1.5628156e-05
       29.196799      13.1237       228.17097   2.9127126e-06   1.5561498e-05
       29.107791      13.2999       228.00617   2.8721456e-06   1.5486960e-05
       29.018848      13.4784       227.83619   2.8970796e-06   1.5413256e-05
       28.929971      13.6593       227.67171   2.9193959e-06   1.5335610e-05
       28.841159      13.8427       227.50383   2.9392565e-06   1.5257856e-05
       28.752416      14.0285       227.31625   2.9615498e-06   1.5175252e-05
       28.663741      14.2168       227.14937   2.9439122e-06   1.5085861e-05
       28.575134      14.4076       226.97639   2.9952015e-06   1.4992646e-05
       28.486592      14.6010       226.81226   3.0017015e-06   1.4891068e-05
       28.398117      14.7970       226.63617   2.9741079e-06   1.4786034e-05
       28.309709      14.9956       226.46779   2.9703049e-06   1.4677938e-05
       28.221371      15.1969       226.27638   2.9365814e-06   1.4567325e-05
       28.133106      15.4008       226.09415   2.9462925e-06   1.4447101e-05
       28.044910      15.6076       225.92340   2.9144419e-06   1.4325190e-05
       27.956786      15.8170       225.72769   2.8929684e-06   1.4203934e-05
       27.868738      16.0294       225.53126   2.8815836e-06   1.4073974e-05
       27.780765      16.2445       225.34380   2.8740044e-06   1.3942257e-05
       27.692865      16.4626       225.15850   2.8451007e-06   1.3809853e-05
       27.605037      16.6835       224.97229   2.8205605e-06   1.3673233e-05
       27.517281      16.9075       224.79064   2.8018805e-06   1.3538304e-05
       27.429596      17.1344       224.61113   2.8023472e-06   1.3399323e-05
       27.341979      17.3644       224.43692   2.8043703e-06   1.3257717e-05
       27.254432      17.5975       224.25411   2.7975799e-06   1.3119035e-05
       27.166955      17.8337       224.08008   2.8030352e-06   1.2976209e-05
       27.079544      18.0730       223.90705   2.8004504e-06   1.2834467e-05
       26.992203      18.3156       223.73143   2.7823628e-06   1.2682642e-05
       26.904929      18.5615       223.55820   2.7705950e-06   1.2532301e-05
       26.817724      18.8106       223.37971   2.7646231e-06   1.2380149e-05
       26.730587      19.0631       223.21369   2.7003843e-06   1.2227375e-05
       26.643517      19.3190       223.03038   2.6882091e-06   1.2061573e-05
       26.556520      19.5783       222.84311   2.6845522e-06   1.1905222e-05
       26.469599      19.8411       222.64385   2.6682694e-06   1.1743762e-05
       26.382754      20.1074       222.44655   2.6547601e-06   1.1576053e-05
       26.295986      20.3773       222.25508   2.6356437e-06   1.1416105e-05
       26.209292      20.6508       222.06451   2.6138779e-06   1.1250035e-05
       26.122674      20.9280       221.86545   2.5922017e-06   1.1085580e-05
       26.036135      21.2089       221.66185   2.5109565e-06   1.0919921e-05
       25.949672      21.4936       221.47078   2.4715899e-06   1.0755668e-05
       25.863286      21.7821       221.27193   2.4396964e-06   1.0589766e-05
       25.776973      22.0745       221.09601   2.4285413e-06   1.0424996e-05
       25.690731      22.3708       220.90546   2.4253753e-06   1.0258251e-05
       25.604562      22.6710       220.72257   2.4288546e-06   1.0093703e-05
       25.518464      22.9753       220.53985   2.4383966e-06   9.9258542e-06
       25.432440      23.2837       220.34599   2.4361273e-06   9.7601122e-06
       25.346491      23.5963       220.15620   2.4352481e-06   9.5857235e-06
       25.260618      23.9130       219.95271   2.4410261e-06   9.4152856e-06
       25.174827      24.2340       219.74218   2.4455407e-06   9.2470243e-06
       25.089114      24.5592       219.54870   2.5029302e-06   9.0746299e-06
       25.003476      24.8889       219.35570   2.5019974e-06   8.9037797e-06
       24.917920      25.2230       219.13601   2.4803989e-06   8.7273783e-06
       24.832448      25.5615       218.91671   2.4712554e-06   8.5567239e-06
       24.747062      25.9046       218.70190   2.4628935e-06   8.3872721e-06
       24.661758      26.2523       218.49618   2.4480464e-06   8.2245010e-06
       24.576536      26.6047       218.28161   2.4311828e-06   8.0515500e-06
       24.491400      26.9618       218.05221   2.4225143e-06   7.8914899e-06
       24.406351      27.3237       217.83730   2.4175376e-06   7.7268544e-06
       24.321386      27.6905       217.61961   2.4235049e-06   7.5690784e-06
       24.236502      28.0621       217.42652   2.4246245e-06   7.4086845e-06
       24.151692      28.4388       217.23867   2.4238482e-06   7.2493695e-06
       24.066958      28.8205       217.03362   2.4214323e-06   7.0945599e-06
       23.982305      29.2074       216.82601   2.4073988e-06   6.9320489e-06
       23.897737      29.5994       216.59224   2.4077171e-06   6.7804010e-06
       23.813259      29.9967       216.37095   2.4099423e-06   6.6268903e-06
       23.728867      30.3994       216.14836   2.4065678e-06   6.4733872e-06
       23.644565      30.8074       215.91419   2.4068244e-06   6.3224123e-06
       23.560354      31.2209       215.67823   2.4027805e-06   6.1735914e-06
       23.476232      31.6400       215.46049   2.4001881e-06   6.0253775e-06
       23.392196      32.0647       215.23440   2.3982964e-06   5.8810725e-06
       23.308246      32.4951       215.02314   2.3868276e-06   5.7337197e-06
       23.224382      32.9312       214.79748   2.3706426e-06   5.5945827e-06
       23.140604      33.3733       214.57447   2.3563241e-06   5.4602078e-06
       23.056914      33.8212       214.35366   2.3542604e-06   5.3221117e-06
       22.973310      34.2752       214.12670   2.3537996e-06   5.1876088e-06
       22.889795      34.7352       213.90147   2.3509860e-06   5.0532346e-06
       22.806371      35.2015       213.65924   2.3395291e-06   4.9214765e-06
       22.723044      35.6740       213.40487   2.3295477e-06   4.7898511e-06
       22.639813      36.1528       213.16900   2.3293073e-06   4.6615611e-06
       22.556674      36.6381       212.92846   2.3342749e-06   4.5365586e-06
       22.473627      37.1299       212.70051   2.3372164e-06   4.4149763e-06
       22.390671      37.6283       212.45763   2.3352925e-06   4.2955826e-06
       22.307807      38.1333       212.23418   2.3322052e-06   4.1776284e-06
       22.225031      38.6452       212.00126   2.3265838e-06   4.0616197e-06
       22.142345      39.1639       211.77881   2.3147992e-06   3.9468266e-06
       22.059751      39.6896       211.52999   2.2996045e-06   3.8315405e-06
       21.977253      40.2223       211.28484   2.2897182e-06   3.7190484e-06
       21.894850      40.7622       211.04055   2.2820070e-06   3.6083212e-06
       21.812542      41.3093       210.80165   2.2838954e-06   3.5027336e-06
       21.730324      41.8638       210.57431   2.2915293e-06   3.3999545e-06
       21.648194      42.4257       210.35408   2.2973763e-06   3.2983992e-06
       21.566151      42.9952       210.12470   2.2994378e-06   3.1983719e-06
       21.484198      43.5723       209.89820   2.3027045e-06   3.0992832e-06
       21.402333      44.1572       209.67234   2.3107893e-06   3.0022975e-06
       21.320557      44.7499       209.44122   2.3140346e-06   2.9053301e-06
       21.238875      45.3505       209.19258   2.3144456e-06   2.8096799e-06
       21.157293      45.9592       208.92908   2.3101534e-06   2.7159284e-06
       21.075816      46.5761       208.65885   2.3007008e-06   2.6264457e-06
       20.994441      47.2013       208.39815   2.2927979e-06   2.5384567e-06
       20.913166      47.8349       208.14853   2.2875035e-06   2.4540340e-06
       20.831987      48.4769       207.90520   2.2914648e-06   2.3703831e-06
       20.750907      49.1276       207.64326   2.2979670e-06   2.2888424e-06
       20.669931      49.7870       207.37062   2.3189202e-06   2.2077670e-06
       20.589064      50.4553       207.08955   2.3243812e-06   2.1278612e-06
       20.508299      51.1326       206.83436   2.3237809e-06   2.0518289e-06
       20.427636      51.8189       206.57400   2.3205079e-06   1.9740764e-06
       20.347081      52.5145       206.28442   2.3190763e-06   1.8987245e-06
       20.266640      53.2193       205.99053   2.3152870e-06   1.8259889e-06
       20.186311      53.9337       205.71294   2.3089997e-06   1.7563997e-06
       20.106088      54.6576       205.44157   2.2969408e-06   1.6898129e-06
       20.025971      55.3912       205.16774   2.2860232e-06   1.6243150e-06
       19.945960      56.1347       204.90549   2.2757557e-06   1.5616592e-06
       19.866048      56.8882       204.65190   2.2661516e-06   1.5003185e-06
       19.786238      57.6518       204.37518   2.2625796e-06   1.4402906e-06
       19.706539      58.4257       204.09522   2.2590905e-06   1.3794886e-06
       19.626954      59.2099       203.78767   2.2539482e-06   1.3204715e-06
       19.547489      60.0046       203.48554   2.2447590e-06   1.2630235e-06
       19.468143      60.8101       203.17261   2.2317500e-06   1.2069498e-06
       19.388919      61.6263       202.86242   2.2193060e-06   1.1521074e-06
       19.309817      62.4535       202.54492   2.2078705e-06   1.0992423e-06
       19.230845      63.2918       202.19883   2.2007287e-06   1.0473447e-06
       19.152006      64.1413       201.86259   2.1955875e-06   9.9633397e-07
       19.073299      65.0022       201.52629   2.1907588e-06   9.4802235e-07
       18.994719      65.8747       201.20571   2.1851436e-06   9.0207574e-07
       18.916264      66.7590       200.88617   2.1812811e-06   8.5715331e-07
       18.837936      67.6550       200.55847   2.1810148e-06   8.1319260e-07
       18.759737      68.5631       200.22220   2.1761835e-06   7.7099784e-07
       18.681673      69.4834       199.86878   2.1726828e-06   7.2907718e-07
       18.603746      70.4161       199.51644   2.1694009e-06   6.8944790e-07
       18.525958      71.3613       199.16233   2.1669276e-06   6.5141249e-07
       18.448305      72.3191       198.81809   2.1708678e-06   6.1471965e-07
       18.370791      73.2898       198.45207   2.1688397e-06   5.7906961e-07
       18.293421      74.2736       198.08494   2.1665818e-06   5.4545546e-07
       18.216190      75.2705       197.73240   2.1668659e-06   5.1359276e-07
       18.139099      76.2808       197.37297   2.1750413e-06   4.8327610e-07
       18.062152      77.3047       196.99303   2.1595792e-06   4.5393725e-07
       17.985350      78.3423       196.62501   2.1802255e-06   4.2620424e-07
       17.908688      79.3939       196.28287   2.1944471e-06   4.0005524e-07
       17.832153      80.4596       195.96944   2.2063230e-06   3.7619512e-07
       17.755739      81.5396       195.66709   2.2253921e-06   3.5417370e-07
       17.679436      82.6341       195.38392   2.2475768e-06   3.3374431e-07
       17.603243      83.7432       195.11974   2.2750850e-06   3.1418918e-07
       17.527151      84.8673       194.86357   2.3068532e-06   2.9631099e-07
       17.451152      86.0064       194.64232   2.3367179e-06   2.7978899e-07
       17.375231      87.1609       194.46399   2.3550351e-06   2.6434705e-07
       17.299375      88.3308       194.30702   2.3436593e-06   2.5013486e-07
       17.223576      89.5164       194.17324   2.3516198e-06   2.3676083e-07
       17.147826      90.7180       194.05947   2.3650405e-06   2.2457474e-07
       17.072114      91.9356       193.97520   2.3747302e-06   2.1369991e-07
       16.996423      93.1696       193.95293   2.3964257e-06   2.0375579e-07
       16.920738      94.4202       193.94301   2.4298005e-06   1.9464809e-07
       16.845049      95.6876       193.97505   2.4664220e-06   1.8613517e-07
       16.769344      96.9720       194.02567   2.5094466e-06   1.7845027e-07
       16.693613      98.2736       194.10409   2.5661294e-06   1.7153869e-07
       16.617847      99.5927       194.21368   2.6205023e-06   1.6525269e-07
       16.542031      100.929       194.35283   2.6785044e-06   1.5923205e-07
       16.466155      102.284       194.52358   2.7288945e-06   1.5401510e-07
       16.390209      103.657       194.71408   2.7959256e-06   1.4942530e-07
       16.314181      105.048       194.93742   2.8694140e-06   1.4517367e-07
       16.238064      106.458       195.18005   2.9536298e-06   1.4102820e-07
       16.161850      107.887       195.42461   3.0493240e-06   1.3716636e-07
       16.085535      109.336       195.70190   3.1473748e-06   1.3361518e-07
       16.009108      110.803       195.99764   3.2764873e-06   1.2988615e-07
       15.932564      112.290       196.30201   3.3848642e-06   1.2682019e-07
       15.855898      113.798       196.62190   3.4963719e-06   1.2401362e-07
       15.779103      115.325       196.96138   3.6115322e-06   1.2141372e-07
       15.702172      116.873       197.32081   3.7541668e-06   1.1907560e-07
       15.625098      118.442       197.69646   3.9002839e-06   1.1699011e-07
       15.547875      120.032       198.08252   4.0648206e-06   1.1511690e-07
       15.470500      121.643       198.47700   4.2294664e-06   1.1328072e-07
       15.392969      123.275       198.88529   4.4176821e-06   1.1146962e-07
       15.315275      124.930       199.30838   4.6149120e-06   1.0987240e-07
       15.237413      126.607       199.74586   4.8499510e-06   1.0817838e-07
       15.159378      128.306       200.19460   5.1306638e-06   1.0650071e-07
       15.081166      130.029       200.65220   5.4229031e-06   1.0502880e-07
       15.002776      131.774       201.11166   5.7616401e-06   1.0353507e-07
       14.924204      133.543       201.58001   6.1161239e-06   1.0213660e-07
       14.845447      135.335       202.06445   6.4668762e-06   1.0099577e-07
       14.766496      137.152       202.57300   6.8241941e-06   9.9837495e-08
       14.687344      138.993       203.09176   7.2298451e-06   9.8909565e-08
       14.607989      140.858       203.61361   7.7025349e-06   9.7724699e-08
       14.528430      142.749       204.13598   8.1893214e-06   9.6607045e-08
       14.448667      144.665       204.66029   8.7483694e-06   9.5597841e-08
       14.368698      146.607       205.19222   9.3717996e-06   9.4711518e-08
       14.288515      148.575       205.74221   1.0020920e-05   9.3788596e-08
       14.208116      150.569       206.31223   1.0748102e-05   9.2921754e-08
       14.127494      152.590       206.88134   1.1634462e-05   9.1961366e-08
       14.046649      154.638       207.45964   1.2583387e-05   9.1172294e-08
       13.965578      156.714       208.04245   1.3561851e-05   9.0251788e-08
       13.884276      158.817       208.63794   1.4569709e-05   8.9248734e-08
       13.802740      160.949       209.24216   1.5597338e-05   8.8390158e-08
       13.720969      163.110       209.84378   1.6809379e-05   8.7562164e-08
       13.638963      165.299       210.44872   1.8174616e-05   8.6898876e-08
       13.556718      167.518       211.05981   1.9545644e-05   8.6229811e-08
       13.474232      169.766       211.68704   2.0932715e-05   8.5562315e-08
       13.391502      172.045       212.31599   2.2488768e-05   8.4977752e-08
       13.308524      174.354       212.95043   2.4130534e-05   8.4356577e-08
       13.225298      176.694       213.59110   2.5770147e-05   8.3780748e-08
       13.141820      179.066       214.23845   2.7642764e-05   8.3237856e-08
       13.058089      181.470       214.89060   2.9520221e-05   8.2932621e-08
       12.974101      183.905       215.55212   3.1527247e-05   8.2391017e-08
       12.889854      186.374       216.21858   3.3907596e-05   8.1866553e-08
       12.805346      188.876       216.88903   3.6431100e-05   8.1426520e-08
       12.720575      191.411       217.56549   3.9387418e-05   8.1052702e-08
       12.635542      193.980       218.23299   4.2567287e-05   8.0583717e-08
       12.550245      196.584       218.91628   4.5750098e-05   8.0156467e-08
       12.464681      199.222       219.60161   4.9342407e-05   7.9628595e-08
       12.378847      201.896       220.29511   5.3493474e-05   7.9230968e-08
       12.292741      204.606       220.99392   5.7820333e-05   7.8908286e-08
       12.206364      207.353       221.68832   6.2852012e-05   7.8563140e-08
       12.119712      210.136       222.39829   6.8382882e-05   7.8269207e-08
       12.032784      212.957       223.10496   7.4046075e-05   7.8100028e-08
       11.945578      215.815       223.81707   8.0104451e-05   7.7833980e-08
       11.858095      218.712       224.52700   8.6318501e-05   7.7522301e-08
       11.770333      221.647       225.24189   9.2580167e-05   7.7301764e-08
       11.682290      224.623       225.96153   9.9101890e-05   7.7204071e-08
       11.593967      227.638       226.68234   0.00010589443   7.6995551e-08
       11.505358      230.693       227.40810   0.00011293972   7.6790579e-08
       11.416468      233.790       228.13352   0.00012045077   7.6643988e-08
       11.327293      236.928       228.86977   0.00012802923   7.6432130e-08
       11.237830      240.108       229.60506   0.00013629828   7.6290455e-08
       11.148081      243.331       230.33251   0.00014685786   7.6188433e-08
       11.058046      246.597       231.06968   0.00015835866   7.6132194e-08
       10.967723      249.907       231.80552   0.00016984500   7.6027175e-08
       10.877111      253.261       232.54287   0.00018112273   7.5935278e-08
       10.786211      256.661       233.28309   0.00019167359   7.5814605e-08
       10.695021      260.106       234.02523   0.00020187470   7.5694173e-08
       10.603539      263.597       234.77638   0.00021235903   7.5788414e-08
       10.511763      267.135       235.52603   0.00022266673   7.5885701e-08
       10.419695      270.721       236.27151   0.00023277218   7.5842471e-08
       10.327335      274.355       237.01904   0.00024277792   7.5884174e-08
       10.234684      278.037       237.76313   0.00025470331   7.5871525e-08
       10.141741      281.769       238.51171   0.00027266431   7.6024189e-08
       10.048504      285.551       239.25971   0.00029107241   7.6076598e-08
       9.9549740      289.384       240.00803   0.00031139027   7.6067420e-08
       9.8611509      293.268       240.75330   0.00033265379   7.6203534e-08
       9.7670353      297.205       241.50524   0.00035387455   7.6217592e-08
       9.6726243      301.194       242.25615   0.00037997226   7.6135408e-08
       8.7125154      344.154       249.65688   0.00066021771   7.7239678e-08
       7.7241068      393.241       256.67087   0.00093834803   7.8272768e-08
       6.7092393      449.329       263.08222    0.0014716191   7.8072747e-08
       5.6697509      513.417       269.03997    0.0024043646   7.3578904e-08
       4.6064316      586.646       274.86497    0.0039915145   6.6464072e-08
       3.5184206      670.320       280.99522    0.0063852674   5.9899821e-08
       2.4049573      765.928       286.66456     0.010954383   5.0543490e-08
       1.2684959      875.174       292.23272     0.014015787   3.8286306e-08
      0.10933494      1000.00       300.68181     0.018657412   3.2756454e-08
