pressure (hPa)         ozone mixing ration (kg/kg)     
     0.207579   1.6307515e-06
     0.237186   1.8176511e-06
     0.271016   2.0061792e-06
     0.309671   2.1891087e-06
     0.353839   2.4033807e-06
     0.404308   2.6264737e-06
     0.461975   2.8539631e-06
     0.527867   3.1160336e-06
     0.603157   3.3941229e-06
     0.689185   3.6894157e-06
     0.787484   4.0257968e-06
     0.899804   4.4163748e-06
      1.02814   4.8506531e-06
      1.17479   5.3388154e-06
      1.34235   5.8892926e-06
      1.53381   6.4982888e-06
      1.75258   7.1881279e-06
      2.00255   7.9941723e-06
      2.28818   8.8739206e-06
      2.61454   9.8269953e-06
      2.98745   1.0870295e-05
      3.41356   1.1902647e-05
      3.90044   1.2895725e-05
      4.45676   1.3667742e-05
      5.09243   1.4388917e-05
      5.81877   1.4988643e-05
      6.64870   1.5295311e-05
      7.59701   1.5559546e-05
      8.68058   1.5580464e-05
      9.91870   1.5561331e-05
      10.0518   1.5519946e-05
      10.1868   1.5502870e-05
      10.3235   1.5494770e-05
      10.4621   1.5488266e-05
      10.6025   1.5454956e-05
      10.7448   1.5396959e-05
      10.8890   1.5393115e-05
      11.0352   1.5353909e-05
      11.1833   1.5329353e-05
      11.3334   1.5318204e-05
      11.4855   1.5272091e-05
      11.6397   1.5226499e-05
      11.7959   1.5186786e-05
      11.9543   1.5204028e-05
      12.1147   1.5110669e-05
      12.2773   1.5003603e-05
      12.4421   1.4898703e-05
      12.6091   1.4834781e-05
      12.7784   1.4716212e-05
      12.9499   1.4628956e-05
      13.1237   1.4642073e-05
      13.2999   1.4544863e-05
      13.4784   1.4513001e-05
      13.6593   1.4439036e-05
      13.8427   1.4363665e-05
      14.0285   1.4293705e-05
      14.2168   1.4242471e-05
      14.4076   1.4137029e-05
      14.6010   1.4024297e-05
      14.7970   1.3890343e-05
      14.9956   1.3809750e-05
      15.1969   1.3695228e-05
      15.4008   1.3574157e-05
      15.6076   1.3446156e-05
      15.8170   1.3327498e-05
      16.0294   1.3203986e-05
      16.2445   1.3097360e-05
      16.4626   1.3002023e-05
      16.6835   1.2856853e-05
      16.9075   1.2710113e-05
      17.1344   1.2603830e-05
      17.3644   1.2458413e-05
      17.5975   1.2348988e-05
      17.8337   1.2177310e-05
      18.0730   1.2064461e-05
      18.3156   1.1948038e-05
      18.5615   1.1775266e-05
      18.8106   1.1683250e-05
      19.0631   1.1559490e-05
      19.3190   1.1419565e-05
      19.5783   1.1265109e-05
      19.8411   1.1134925e-05
      20.1074   1.0969040e-05
      20.3773   1.0825603e-05
      20.6508   1.0678285e-05
      20.9280   1.0527104e-05
      21.2089   1.0389337e-05
      21.4936   1.0229220e-05
      21.7821   1.0044469e-05
      22.0745   9.8887905e-06
      22.3708   9.7951247e-06
      22.6710   9.6423268e-06
      22.9753   9.5059832e-06
      23.2837   9.3638160e-06
      23.5963   9.1966554e-06
      23.9130   9.0515480e-06
      24.2340   8.8932718e-06
      24.5592   8.7545030e-06
      24.8889   8.6038292e-06
      25.2230   8.4578769e-06
      25.5615   8.3231493e-06
      25.9046   8.1334024e-06
      26.2523   8.0005281e-06
      26.6047   7.8381945e-06
      26.9618   7.6853034e-06
      27.3237   7.5403089e-06
      27.6905   7.3880623e-06
      28.0621   7.2519352e-06
      28.4388   7.0970956e-06
      28.8205   6.9435974e-06
      29.2074   6.7750679e-06
      29.5994   6.6590640e-06
      29.9967   6.5325383e-06
      30.3994   6.3740588e-06
      30.8074   6.2711620e-06
      31.2209   6.1199498e-06
      31.6400   6.0139806e-06
      32.0647   5.8580259e-06
      32.4951   5.7455775e-06
      32.9312   5.5877717e-06
      33.3733   5.4751255e-06
      33.8212   5.3493167e-06
      34.2752   5.2155008e-06
      34.7352   5.1003447e-06
      35.2015   4.9655565e-06
      35.6740   4.8434763e-06
      36.1528   4.6989235e-06
      36.6381   4.5743598e-06
      37.1299   4.4692773e-06
      37.6283   4.3377271e-06
      38.1333   4.2354725e-06
      38.6452   4.1259715e-06
      39.1639   4.0142994e-06
      39.6896   3.9009100e-06
      40.2223   3.7637290e-06
      40.7622   3.6588693e-06
      41.3093   3.5535235e-06
      41.8638   3.4416420e-06
      42.4257   3.3285384e-06
      42.9952   3.2151798e-06
      43.5723   3.1025994e-06
      44.1572   3.0117529e-06
      44.7499   2.8950373e-06
      45.3505   2.8037891e-06
      45.9592   2.7086745e-06
      46.5761   2.5967486e-06
      47.2013   2.4985248e-06
      47.8349   2.4153104e-06
      48.4769   2.3288027e-06
      49.1276   2.2540945e-06
      49.7870   2.1800217e-06
      50.4553   2.0818843e-06
      51.1326   2.0026002e-06
      51.8189   1.9231094e-06
      52.5145   1.8488101e-06
      53.2193   1.7839633e-06
      53.9337   1.7264591e-06
      54.6576   1.6584180e-06
      55.3912   1.6057239e-06
      56.1347   1.5384725e-06
      56.8882   1.4639156e-06
      57.6518   1.3901845e-06
      58.4257   1.3307155e-06
      59.2099   1.2652782e-06
      60.0046   1.2027203e-06
      60.8101   1.1571783e-06
      61.6263   1.1109952e-06
      62.4535   1.0663244e-06
      63.2918   1.0285506e-06
      64.1413   9.8497252e-07
      65.0022   9.4322605e-07
      65.8747   9.0196461e-07
      66.7590   8.5735586e-07
      67.6550   8.1626442e-07
      68.5631   7.8586487e-07
      69.4834   7.4452461e-07
      70.4161   7.0142502e-07
      71.3613   6.6104525e-07
      72.3191   6.1724628e-07
      73.2898   5.7761002e-07
      74.2736   5.3802341e-07
      75.2705   5.0319543e-07
      76.2808   4.6996808e-07
      77.3047   4.3907969e-07
      78.3423   4.1342317e-07
      79.3939   3.8551018e-07
      80.4596   3.5919751e-07
      81.5396   3.3392916e-07
      82.6341   3.0786669e-07
      83.7432   2.8437499e-07
      84.8673   2.6702967e-07
      86.0064   2.5124178e-07
      87.1609   2.3810114e-07
      88.3308   2.2501641e-07
      89.5164   2.1390694e-07
      90.7180   2.0167175e-07
      91.9356   1.8981165e-07
      93.1696   1.7802539e-07
      94.4202   1.6766467e-07
      95.6876   1.5863739e-07
      96.9720   1.4965466e-07
      98.2736   1.4214784e-07
      99.5927   1.3559722e-07
      100.929   1.2947073e-07
      102.284   1.2335709e-07
      103.657   1.1788583e-07
      105.048   1.1453039e-07
      106.458   1.1076136e-07
      107.887   1.0849625e-07
      109.336   1.0515002e-07
      110.803   1.0166408e-07
      112.290   9.9774689e-08
      113.798   9.6355272e-08
      115.325   9.4463568e-08
      116.873   9.2623873e-08
      118.442   9.0739088e-08
      120.032   8.9036228e-08
      121.643   8.7271235e-08
      123.275   8.4401203e-08
      124.930   8.2436895e-08
      126.607   8.1843143e-08
      128.306   8.1728157e-08
      130.029   7.9535520e-08
      131.774   7.8689611e-08
      133.543   7.7313809e-08
      135.335   7.6799718e-08
      137.152   7.4206093e-08
      138.993   7.3307640e-08
      140.858   7.2873580e-08
      142.749   7.1642145e-08
      144.665   7.0100313e-08
      146.607   6.7833396e-08
      148.575   6.6821339e-08
      150.569   6.5662789e-08
      152.590   6.4561909e-08
      154.638   6.2914283e-08
      156.714   6.2162442e-08
      158.817   5.9530146e-08
      160.949   5.7818892e-08
      163.110   5.6145850e-08
      165.299   5.5235330e-08
      167.518   5.3693850e-08
      169.766   5.3323441e-08
      172.045   5.2741512e-08
      174.354   5.1737706e-08
      176.694   5.0788373e-08
      179.066   4.9776624e-08
      181.470   4.9358776e-08
      183.905   4.9672207e-08
      186.374   4.9594780e-08
      188.876   4.9538703e-08
      191.411   4.9574618e-08
      193.980   4.9418214e-08
      196.584   4.9442046e-08
      199.222   4.9676350e-08
      201.896   4.9308267e-08
      204.606   4.9992167e-08
      207.353   5.0030803e-08
      210.136   5.0257830e-08
      212.957   5.0517106e-08
      215.815   5.0499338e-08
      218.712   4.9998205e-08
      221.647   5.0320417e-08
      224.623   5.0409684e-08
      227.638   4.9644678e-08
      230.693   4.9305749e-08
      233.790   4.8924247e-08
      236.928   4.9035836e-08
      240.108   4.9288383e-08
      243.331   4.9301829e-08
      246.597   4.8949796e-08
      249.907   4.9106409e-08
      253.261   4.9522193e-08
      256.661   5.0155972e-08
      260.106   4.9718732e-08
      263.597   5.0166713e-08
      267.135   4.9155753e-08
      270.721   4.9083359e-08
      274.355   4.9166069e-08
      278.037   4.9927835e-08
      281.769   5.0204251e-08
      285.551   5.0081099e-08
      289.384   5.0259357e-08
      293.268   5.0291163e-08
      297.205   5.0915438e-08
      301.194   5.0206956e-08
      305.237   5.1046178e-08
      309.334   5.1885400e-08
      313.486   5.2724622e-08
      317.694   5.3563874e-08
      321.958   5.4403096e-08
      326.280   5.5242318e-08
      330.659   5.6081540e-08
      335.098   5.6920762e-08
      339.596   5.7759984e-08
      344.154   5.8599205e-08
      348.773   5.8617064e-08
      353.455   5.8634922e-08
      358.199   5.8652781e-08
      363.007   5.8670639e-08
      367.879   5.8688498e-08
      372.817   5.8706356e-08
      377.822   5.8724215e-08
      382.893   5.8742073e-08
      388.032   5.8759932e-08
      393.241   5.8777792e-08
      398.519   5.9424793e-08
      403.868   6.0071794e-08
      409.289   6.0718795e-08
      414.783   6.1365797e-08
      420.350   6.2012798e-08
      425.993   6.2659799e-08
      431.711   6.3306801e-08
      437.505   6.3953802e-08
      443.378   6.4600803e-08
      449.329   6.5247804e-08
      455.360   6.5129341e-08
      461.472   6.5010877e-08
      467.667   6.4892410e-08
      473.944   6.4773946e-08
      480.305   6.4655483e-08
      486.752   6.4537019e-08
      493.286   6.4418556e-08
      499.907   6.4300092e-08
      506.617   6.4181629e-08
      513.417   6.4063163e-08
      520.309   6.2343458e-08
      527.293   6.0623753e-08
      534.370   5.8904048e-08
      541.543   5.7184343e-08
      548.812   5.5464638e-08
      556.178   5.3744933e-08
      563.644   5.2025228e-08
      571.209   5.0305522e-08
      578.876   4.8585817e-08
      586.646   4.6866112e-08
      594.521   4.6390674e-08
      602.501   4.5915236e-08
      610.588   4.5439798e-08
      618.783   4.4964361e-08
      627.089   4.4488923e-08
      635.506   4.4013485e-08
      644.036   4.3538048e-08
      652.681   4.3062610e-08
      661.442   4.2587172e-08
      670.320   4.2111735e-08
      679.318   4.0800428e-08
      688.436   3.9489119e-08
      697.676   3.8177810e-08
      707.041   3.6866501e-08
      716.531   3.5555193e-08
      726.149   3.4243884e-08
      735.896   3.2932575e-08
      745.773   3.1621266e-08
      755.784   3.0309957e-08
      765.928   2.8998650e-08
      776.209   2.8332787e-08
      786.628   2.7666924e-08
      797.187   2.7001037e-08
      807.887   2.6335175e-08
      818.731   2.5669312e-08
      829.721   2.5003449e-08
      840.857   2.4337586e-08
      852.144   2.3671723e-08
      863.582   2.3005861e-08
      875.174   2.2339998e-08
      886.921   2.1814095e-08
      898.825   2.1288192e-08
      910.890   2.0762289e-08
      923.117   2.0236386e-08
      935.507   1.9710483e-08
      948.064   1.9184580e-08
      960.790   1.8658677e-08
      973.686   1.8132774e-08
      986.755   1.7606871e-08
      1000.00   1.7080969e-08
