pressure (hPa)         ozone mixing ration (kg/kg)
     0.207579  1.65252e-06
     0.237186  1.82688e-06
     0.271016  2.00304e-06
     0.309671  2.18307e-06
     0.353839  2.38358e-06
     0.404308  2.59996e-06
     0.461975  2.83417e-06
     0.527867  3.10873e-06
     0.603157  3.40379e-06
     0.689185  3.72051e-06
     0.787484  4.08474e-06
     0.899804  4.50158e-06
      1.02814  4.96633e-06
      1.17479  5.50428e-06
      1.34235  6.10538e-06
      1.53381  6.76033e-06
      1.75258  7.48611e-06
      2.00255  8.30883e-06
      2.28818  9.18042e-06
      2.61454  1.00976e-05
      2.98745  1.10653e-05
      3.41356  1.19381e-05
      3.90044  1.27012e-05
      4.45676  1.32161e-05
      5.09243  1.36786e-05
      5.81877  1.41006e-05
      6.64870  1.44507e-05
      7.59701  1.48010e-05
      8.68058  1.50869e-05
      9.91870  1.51943e-05
      10.0518  1.51953e-05
      10.1868  1.52032e-05
      10.3235  1.52188e-05
      10.4621  1.52205e-05
      10.6025  1.52232e-05
      10.7448  1.52176e-05
      10.8890  1.52099e-05
      11.0352  1.52046e-05
      11.1833  1.52011e-05
      11.3334  1.51993e-05
      11.4855  1.51766e-05
      11.6397  1.51721e-05
      11.7959  1.51441e-05
      11.9543  1.51257e-05
      12.1147  1.50937e-05
      12.2773  1.50395e-05
      12.4421  1.50009e-05
      12.6091  1.49614e-05
      12.7784  1.49165e-05
      12.9499  1.48594e-05
      13.1237  1.48097e-05
      13.2999  1.47555e-05
      13.4784  1.46947e-05
      13.6593  1.46383e-05
      13.8427  1.45882e-05
      14.0285  1.45281e-05
      14.2168  1.44617e-05
      14.4076  1.43881e-05
      14.6010  1.43178e-05
      14.7970  1.42302e-05
      14.9956  1.41425e-05
      15.1969  1.40524e-05
      15.4008  1.39646e-05
      15.6076  1.38705e-05
      15.8170  1.37763e-05
      16.0294  1.36759e-05
      16.2445  1.35672e-05
      16.4626  1.34602e-05
      16.6835  1.33600e-05
      16.9075  1.32529e-05
      17.1344  1.31492e-05
      17.3644  1.30363e-05
      17.5975  1.29108e-05
      17.8337  1.27902e-05
      18.0730  1.26655e-05
      18.3156  1.25433e-05
      18.5615  1.24244e-05
      18.8106  1.22984e-05
      19.0631  1.21667e-05
      19.3190  1.20294e-05
      19.5783  1.18887e-05
      19.8411  1.17512e-05
      20.1074  1.15938e-05
      20.3773  1.14560e-05
      20.6508  1.13143e-05
      20.9280  1.11699e-05
      21.2089  1.10176e-05
      21.4936  1.08731e-05
      21.7821  1.07265e-05
      22.0745  1.05810e-05
      22.3708  1.04262e-05
      22.6710  1.02797e-05
      22.9753  1.01245e-05
      23.2837  9.97046e-06
      23.5963  9.80825e-06
      23.9130  9.64559e-06
      24.2340  9.49491e-06
      24.5592  9.32806e-06
      24.8889  9.15874e-06
      25.2230  8.98534e-06
      25.5615  8.82203e-06
      25.9046  8.65226e-06
      26.2523  8.49587e-06
      26.6047  8.32392e-06
      26.9618  8.16688e-06
      27.3237  8.00043e-06
      27.6905  7.84791e-06
      28.0621  7.69225e-06
      28.4388  7.53697e-06
      28.8205  7.38642e-06
      29.2074  7.22408e-06
      29.5994  7.07761e-06
      29.9967  6.92780e-06
      30.3994  6.77783e-06
      30.8074  6.62854e-06
      31.2209  6.48291e-06
      31.6400  6.33991e-06
      32.0647  6.19860e-06
      32.4951  6.05673e-06
      32.9312  5.91894e-06
      33.3733  5.78505e-06
      33.8212  5.64107e-06
      34.2752  5.50057e-06
      34.7352  5.36626e-06
      35.2015  5.23625e-06
      35.6740  5.10255e-06
      36.1528  4.97208e-06
      36.6381  4.84623e-06
      37.1299  4.72270e-06
      37.6283  4.60293e-06
      38.1333  4.48366e-06
      38.6452  4.36570e-06
      39.1639  4.25231e-06
      39.6896  4.13298e-06
      40.2223  4.01696e-06
      40.7622  3.90369e-06
      41.3093  3.79614e-06
      41.8638  3.69318e-06
      42.4257  3.58843e-06
      42.9952  3.48630e-06
      43.5723  3.38306e-06
      44.1572  3.27971e-06
      44.7499  3.17671e-06
      45.3505  3.08170e-06
      45.9592  2.98910e-06
      46.5761  2.89920e-06
      47.2013  2.81230e-06
      47.8349  2.73097e-06
      48.4769  2.64628e-06
      49.1276  2.56377e-06
      49.7870  2.48370e-06
      50.4553  2.40097e-06
      51.1326  2.32326e-06
      51.8189  2.24140e-06
      52.5145  2.16245e-06
      53.2193  2.08433e-06
      53.9337  2.01052e-06
      54.6576  1.93637e-06
      55.3912  1.85996e-06
      56.1347  1.78912e-06
      56.8882  1.71687e-06
      57.6518  1.64966e-06
      58.4257  1.57926e-06
      59.2099  1.51155e-06
      60.0046  1.44427e-06
      60.8101  1.38127e-06
      61.6263  1.31769e-06
      62.4535  1.25723e-06
      63.2918  1.19869e-06
      64.1413  1.14143e-06
      65.0022  1.09038e-06
      65.8747  1.03839e-06
      66.7590  9.88209e-07
      67.6550  9.40835e-07
      68.5631  8.94482e-07
      69.4834  8.50274e-07
      70.4161  8.08692e-07
      71.3613  7.69108e-07
      72.3191  7.29011e-07
      73.2898  6.88216e-07
      74.2736  6.51508e-07
      75.2705  6.17614e-07
      76.2808  5.86195e-07
      77.3047  5.54443e-07
      78.3423  5.24958e-07
      79.3939  4.97371e-07
      80.4596  4.72583e-07
      81.5396  4.47314e-07
      82.6341  4.24986e-07
      83.7432  4.04182e-07
      84.8673  3.83385e-07
      86.0064  3.62603e-07
      87.1609  3.43602e-07
      88.3308  3.25165e-07
      89.5164  3.07805e-07
      90.7180  2.91244e-07
      91.9356  2.77271e-07
      93.1696  2.64446e-07
      94.4202  2.52200e-07
      95.6876  2.41038e-07
      96.9720  2.30913e-07
      98.2736  2.21739e-07
      99.5927  2.13042e-07
      100.929  2.04707e-07
      102.284  1.97666e-07
      103.657  1.91210e-07
      105.048  1.85553e-07
      106.458  1.84138e-07
      107.887  1.75213e-07
      109.336  1.70265e-07
      110.803  1.65349e-07
      112.290  1.60765e-07
      113.798  1.56825e-07
      115.325  1.53053e-07
      116.873  1.49267e-07
      118.442  1.45867e-07
      120.032  1.42610e-07
      121.643  1.39468e-07
      123.275  1.36520e-07
      124.930  1.33810e-07
      126.607  1.31175e-07
      128.306  1.28593e-07
      130.029  1.26002e-07
      131.774  1.23618e-07
      133.543  1.21568e-07
      135.335  1.19943e-07
      137.152  1.18362e-07
      138.993  1.16492e-07
      140.858  1.14921e-07
      142.749  1.12992e-07
      144.665  1.11467e-07
      146.607  1.09879e-07
      148.575  1.08505e-07
      150.569  1.06998e-07
      152.590  1.05479e-07
      154.638  1.04085e-07
      156.714  1.02962e-07
      158.817  1.01654e-07
      160.949  1.00366e-07
      163.110  9.92587e-08
      165.299  9.82215e-08
      167.518  9.71244e-08
      169.766  9.59593e-08
      172.045  9.50045e-08
      174.354  9.39527e-08
      176.694  9.32364e-08
      179.066  9.22335e-08
      181.470  9.14682e-08
      183.905  9.08008e-08
      186.374  9.01364e-08
      188.876  8.93772e-08
      191.411  8.86667e-08
      193.980  8.78522e-08
      196.584  8.71433e-08
      199.222  8.64068e-08
      201.896  8.59002e-08
      204.606  8.54001e-08
      207.353  8.51392e-08
      210.136  8.47875e-08
      212.957  8.45408e-08
      215.815  8.41055e-08
      218.712  8.38130e-08
      221.647  8.36860e-08
      224.623  8.35813e-08
      227.638  8.34327e-08
      230.693  8.33658e-08
      233.790  8.30738e-08
      236.928  8.26563e-08
      240.108  8.23966e-08
      243.331  8.21040e-08
      246.597  8.20266e-08
      249.907  8.19608e-08
      253.261  8.18229e-08
      256.661  8.19100e-08
      260.106  8.18365e-08
      263.597  8.17071e-08
      267.135  8.15724e-08
      270.721  8.11672e-08
      274.355  8.08853e-08
      278.037  8.06981e-08
      281.769  8.08870e-08
      285.551  8.09614e-08
      289.384  8.10577e-08
      293.268  8.14108e-08
      297.205  8.15061e-08
      301.194  8.13005e-08
      305.237  8.13009e-08
      309.334  8.13012e-08
      313.486  8.13016e-08
      317.694  8.13020e-08
      321.958  8.13023e-08
      326.280  8.13027e-08
      330.659  8.13030e-08
      335.098  8.13034e-08
      339.596  8.13038e-08
      344.154  8.13041e-08
      348.773  8.12879e-08
      353.455  8.12717e-08
      358.199  8.12554e-08
      363.007  8.12392e-08
      367.879  8.12230e-08
      372.817  8.12067e-08
      377.822  8.11905e-08
      382.893  8.11743e-08
      388.032  8.11580e-08
      393.241  8.11418e-08
      398.519  8.10516e-08
      403.868  8.09614e-08
      409.289  8.08712e-08
      414.783  8.07810e-08
      420.350  8.06909e-08
      425.993  8.06007e-08
      431.711  8.05105e-08
      437.505  8.04203e-08
      443.378  8.03301e-08
      449.329  8.02399e-08
      455.360  7.98075e-08
      461.472  7.93751e-08
      467.667  7.89426e-08
      473.944  7.85102e-08
      480.305  7.80778e-08
      486.752  7.76454e-08
      493.286  7.72130e-08
      499.907  7.67805e-08
      506.617  7.63481e-08
      513.417  7.59157e-08
      520.309  7.53578e-08
      527.293  7.48000e-08
      534.370  7.42421e-08
      541.543  7.36842e-08
      548.812  7.31263e-08
      556.178  7.25685e-08
      563.644  7.20106e-08
      571.209  7.14527e-08
      578.876  7.08948e-08
      586.646  7.03370e-08
      594.521  6.95754e-08
      602.501  6.88139e-08
      610.588  6.80523e-08
      618.783  6.72908e-08
      627.089  6.65292e-08
      635.506  6.57677e-08
      644.036  6.50061e-08
      652.681  6.42446e-08
      661.442  6.34830e-08
      670.320  6.27215e-08
      679.318  6.18465e-08
      688.436  6.09715e-08
      697.676  6.00966e-08
      707.041  5.92216e-08
      716.531  5.83466e-08
      726.149  5.74716e-08
      735.896  5.65966e-08
      745.773  5.57217e-08
      755.784  5.48467e-08
      765.928  5.39717e-08
      776.209  5.28843e-08
      786.628  5.17968e-08
      797.187  5.07093e-08
      807.887  4.96219e-08
      818.731  4.85345e-08
      829.721  4.74470e-08
      840.857  4.63596e-08
      852.144  4.52722e-08
      863.582  4.41847e-08
      875.174  4.30973e-08
      886.921  4.24818e-08
      898.825  4.18664e-08
      910.890  4.12509e-08
      923.117  4.06355e-08
      935.507  4.00200e-08
      948.064  3.94046e-08
      960.790  3.87891e-08
      973.686  3.81737e-08
      986.755  3.75582e-08
      1000.00  3.69428e-08
